,Ctl,PD1,21DC,Combo
Gm15056,-0.8862063775518125,-0.26669648537639323,-0.283466801683778,1.4363696646119837
Gzmf,-0.8228297057168692,-0.4066492736613253,-0.2224517558618173,1.451930735240012
Nos2,-1.3521593716277422,0.395021017313883,-0.049430119694047744,1.006568474007907
Ccr7,-1.1988867931406544,0.6561301736158219,-0.43035927597914053,0.973115895503973
Ciita,-0.9653245961187084,0.837713704886086,-0.7602825056952245,0.8878933969278469
Ccl4,-0.7640286686694916,-0.4518117234559254,-0.2502733807126791,1.4661137728380962
Gzmg,-0.4259696030980859,-0.18533842349493593,-0.8339403913765604,1.4452484179695821
Gzmd,-0.7269577513768583,-0.11311885695930254,-0.6060884418961006,1.4461650502322614
Gbp8,-0.9326116238506258,-0.015905280553983228,-0.4422949892670259,1.390811893671635
Ccl3,-0.7695041648816897,-0.4651742596323229,-0.22801894924173122,1.4626973737557438
Ntn1,-1.1527945856575628,-0.26934843465337177,0.16919021368970397,1.2529528066212305
Ccl5,-1.2410636357382696,0.4235976885113142,-0.27908995523454627,1.0965559024615017
Il1a,-0.5090683686053632,-0.6720615154623368,-0.3015249676728601,1.48265485174056
Nlrp3,-0.7433702517966414,-0.7587284565716039,0.1413028769120133,1.360795831456232
Gzmb,-1.3190405207324154,0.3475020349117558,-0.09191186535044624,1.0634503511711058
Cd3e,-1.2155083916240679,0.890280796876082,0.7444440812250402,-0.4192164864770544
Mcemp1,-0.17938414668694333,-1.249309131098722,0.2747640062310209,1.1539292715546448
Gbp4,-1.0074735990872221,-0.11297722826091738,-0.2596916750562952,1.3801425024044347
Hcar2,-0.832708360945459,-0.7923489470897266,0.3892236195223441,1.2358336885128416
Tnf,-1.0870082768549227,-0.6111792432499245,0.8106716833944938,0.8875158367103535
Cd274,-0.7996865309080691,0.7041928619998227,-0.9166323298251395,1.0121259987333857
S100a9,-0.1619930487919137,-0.40653900865950465,-0.8661404073668304,1.4346724648182487
F830016B08Rik,-1.1246032935635222,0.061035910329047496,-0.23174569891605099,1.2953130821505257
Sp100,-1.0771694091344184,1.2707819008087797,0.22418949100028507,-0.41780198267464647
S100a8,-0.04335717693106785,-0.6341815202691392,-0.7489816825315186,1.4265203797317256
Cd3d,-0.7616274683790064,1.358926954912944,-0.7429794588581989,0.1456799723242614
Gbp9,-1.0715734191160802,-0.3904685436556006,0.16955799355551432,1.2924839692161663
Batf2,-0.9400197003954549,0.4644106902089186,-0.7076011508033969,1.1832101609899333
Acod1,-0.15119387042304713,-0.8886986451509378,-0.3874309817556333,1.4273234973296183
Gbp5,-1.2634437725842576,0.4353499308442262,-0.24599495881191186,1.0740888005519433
Sp140,-0.8849979256371564,-0.553712215465057,0.057827286173333,1.3808828549288803
Clec4d,0.4047091483052294,-1.4940093118162272,0.47096406418121267,0.6183360993297851
Tgtp2,-1.206273143897037,0.10165763317157532,-0.12757573269352235,1.2321912434189841
Chil3,-1.241515485812417,-0.11764513423784252,0.16911967230150743,1.1900409477487521
Gm26870,-0.46760306504643945,-0.6330854479488569,-0.39167288449148263,1.4923613974867789
Iigp1,-1.1389038184841696,0.2465600115736831,-0.34248756617319304,1.2348313730836795
Igtp,-1.1704187325075712,0.4320696581268306,-0.39595817133217276,1.1343072457129133
Arg1,-1.1850775297718434,0.005398875691969875,-0.08088462404772098,1.2605632781275946
Gbp2,-1.1711259216264718,0.23399799509089067,-0.2846307786952532,1.2217587052308343
Abcg1,-0.9837113950524687,0.4415171228659455,-0.6482469798568452,1.1904412520433683
Tap2,-1.4859136171968983,0.4278429774761827,0.37210481050407973,0.685965829216636
Gm5483,0.04981622486186509,-1.0659631686821303,-0.31197639274324074,1.328123336563506
Lcn2,-0.9162872778350647,0.04261694105240723,-0.5057547456555971,1.3794250824382543
Mmp12,-1.0306699829269779,-0.36108745924899427,0.048251959696709305,1.3435054824792627
Stfa2l1,0.5359546956117097,-1.4926881861823869,0.36225245440450027,0.5944810361661769
Wfdc17,0.22765773374706338,-0.6732859280542717,-0.8716185804397913,1.3172467747469996
Upk3bl,-0.9059414271056282,0.5485674504546871,-0.7738060046571048,1.1311799813080459
Clec4e,0.23102413545756786,-1.0605690894274022,-0.44480551251307116,1.2743504664829055
Cxcl2,-0.32939350592889566,0.04020774690435614,-1.0487362984033308,1.3379220574278703
Irgm1,-1.4269772165192063,0.31835751402568885,0.2022688774808676,0.9063508250126499
Irgm2,-1.4772063405970668,0.7376710404535017,0.38087245301589134,0.3586628471276737
Isg15,-1.1759103834260387,0.10529028369258109,-0.18338147900157625,1.2540015787350338
Nlrc5,-1.4737722555047539,0.3042134555563266,0.424287002810816,0.7452717971376112
Tap1,-1.2143138908082238,0.40331984681698785,-0.31350200653609184,1.1244960505273278
Zbp1,-1.2822451028903155,0.557648241485147,-0.2631436645801113,0.9877405259852797
AA467197,-1.3900821408997246,0.8535774265334515,-0.04412446989879463,0.5806291842650678
Casp4,0.47303014911848584,-1.2131814379351151,1.0878922336238923,-0.34774094480726314
9930111J21Rik2,-1.017739016635539,-0.5812153885741874,0.3823031555139108,1.2166512496958155
