,0,1,2,3
F13a1,0.8246995926073618,0.9063147662877461,-0.8768819544237622,-0.8541324044713458
Vcan,0.13118786221610948,1.3430459309644,-0.5222509690337455,-0.951982824146764
Plac8,0.03220725161463635,1.3691979698338603,-0.43397117744846025,-0.9674340440000363
Ifi27l2a,0.03502940538839332,1.3194550441376807,-0.26463026101635206,-1.089854188509722
Rnf213,0.3758693532685945,1.239737692665754,-0.8991260810261914,-0.716480964908157
Ms4a6b,0.17613911815427744,1.20404748592925,-0.15774607905779992,-1.2224405250257275
Hpse,0.2659968028061513,1.1004833108152592,-0.05692215308584798,-1.3095579605355625
Ifi47,0.6678034161526487,0.9432512968818088,-1.2336435464180366,-0.3774111666164208
Ly6c1,0.3642204616174793,0.8366437227889072,0.24995997671621423,-1.4508241611226007
Ifi204,0.10947424527147062,1.335309147655284,-0.43843277023293903,-1.0063506226938157
Rfx2,-0.3293873667476365,1.4711448209876186,-0.37667286192523936,-0.7650845923147426
Atp2b1,0.9158822634606317,0.8110421763106268,-0.7852437521688738,-0.9416806876023848
Ms4a6c,0.08640012744290057,1.2568724412317378,-0.16635612067900682,-1.1769164479956316
Trim30a,0.3960306716493384,1.086883144856026,-1.2717059266155626,-0.211207889889802
Ndrg1,1.1302465971832707,-0.1898090158771999,0.31854725352006436,-1.258984834826135
Aoah,1.3916248413719263,-0.2059249182697193,-0.1940811845073882,-0.9916187385948189
Ms4a4c,-0.20095642166107772,1.42433275956246,-0.3095558514457073,-0.9138204864556749
Ly6c2,0.03979743849772853,1.3918018635505016,-0.5805860132247413,-0.8510132888234888
Epsti1,-0.2322078703314981,0.4356456790754805,1.0678106754689158,-1.2712484842128982
Gm9733,-0.32060666526583687,1.4106265565695186,-0.9407828618355393,-0.1492370294681425
Atf3,0.48513080311655804,0.9893515569850931,-0.14614791945940742,-1.3283344406422437
Ppp1r9b,0.3596320437774274,1.16942896870997,-0.3558210187859729,-1.1732399937014246
Tmpo,-0.24302734871344084,0.8798607993431639,0.6725434806561059,-1.309376931285829
Tnfrsf21,0.1737472744630144,1.2919708007436541,-0.39636342347983267,-1.0693546517268357
Alox5ap,0.05530817849766346,1.312265403504158,-0.2716146394290868,-1.0959589425727347
Hopx,0.25296623574284977,1.0240515860570918,0.09359052704227812,-1.3706083488422198
Stard9,0.413118046416649,0.5710463369315883,-1.4968084713334842,0.5126440879852467
Stom,0.37269754766847735,1.1913329849309637,-0.4513141145586527,-1.1127164180407882
Trafd1,0.3842840852204954,1.0925650618848788,-0.20546790282710084,-1.2713812442782735
Gm5617,-0.66517167243658,0.018677690370865755,-0.7603167024449978,1.406810684510712
Celf4,-0.08442182415430682,0.7829801270827085,0.6841189385536057,-1.3826772414820072
Dusp22,-0.9764367194443284,1.3774258743580676,-0.014923644400944298,-0.3860655105127949
Mospd3,0.36474215872242305,1.132008425411384,-0.2659911469627658,-1.2307594371710413
Mtus1,-0.10900755082983112,1.0082783601654697,-1.3348325883570034,0.4355617790213648
Erlin1,-0.39469533084041986,0.3440062406747641,1.192518613133236,-1.1418295229675801
C3,0.9550435105074591,0.7498066227781749,-1.042720800953329,-0.6621293323323049
Unc93b1,0.5278964816201306,0.8126314052140102,0.09211653779391475,-1.4326444246280556
Cmtm7,0.5778712170358232,1.0000028125743359,-1.2478574897818742,-0.3300165398282848
Cd177,0.031800026826074364,1.137219526479809,-1.2994982901554861,0.1304787368496028
Ifitm3,-0.11476105950128769,1.3215277446157798,-0.09729471233435591,-1.1094719727801363
G6pdx,-0.021186941935913254,1.2309550857288003,0.008520855350543474,-1.2182889991434305
Clec12a,-0.3314293540027161,-0.21440246701507054,-0.8879501405550089,1.4337819615727956
Fos,0.9617098083091686,0.7491019186634802,-0.6964684898401842,-1.0143432371324648
Atf6,-0.3582912495648848,1.4707123030945874,-0.7682157175543467,-0.34420533597535596
S100a4,-1.1860204857668253,1.2600686784106507,0.0006638700131872874,-0.07471206265701286
Mgst1,0.05594016002610418,1.3944021733954073,-0.7055901137622803,-0.744752219659231
Kdm7a,0.6327694891965683,1.031878196144156,-0.5590984744218406,-1.1055492109188838
Cd300e,-0.42239034254287894,1.466096805902501,-0.269380497092819,-0.7743259662668032
Eno3,-0.5668432453003104,1.3450618764103741,0.14319001986696775,-0.9214086509770315
Spn,0.18579635792729435,1.118891257716075,0.004336167349213184,-1.3090237829925826
Treml4,-0.377995215791414,1.492269873465459,-0.6258622705208127,-0.48841238715323226
Adgre4,-0.4294094559127596,1.4968911541987517,-0.4829185923726446,-0.5845631059133476
Itgal,0.0466327278463285,1.3775950766541332,-0.5049367149010925,-0.9192910895993693
Ace,-0.41142919770904984,1.4971122931115195,-0.5391737646166075,-0.5465093307858622
Hfe,-0.5595126795033256,0.35923428027011484,1.226602819702517,-1.026324420469306
Ddit4,1.1543885160830667,-0.03872661821856771,0.16450438448415688,-1.2801662823486557
Smpdl3b,0.5407037732079732,0.9670309711791288,-0.19001521927445889,-1.3177195251126432
Arhgef10l,-0.028119688006084408,1.4090694051267056,-0.5169501714484328,-0.8639995456721884
Ceacam1,-0.4371756564546295,1.498507198055889,-0.5222603505464589,-0.5390711910548007
Abi3,-1.1118543008565827,1.246368691112676,-0.3845094913276258,0.24999510107153267
S1pr5,-0.36960202807123094,1.488826637782136,-0.45847447814182846,-0.6607501315690765
Stk10,-0.12806433684960153,1.3752051519378043,-0.2268776994049428,-1.02026311568326
Fcgr4,1.3630253465812545,-0.05373803328840466,-1.0302481653923532,-0.2790391479004967
Cd36,0.5586497583674538,1.07289208681134,-0.4949527332290656,-1.1365891119497282
Cyfip2,-0.006289428242208504,0.7190165300633491,0.6993318861717507,-1.4120589879928913
Slc12a2,-0.18058830814102408,1.3547646076872903,-0.11663319469635708,-1.0575431048499093
Pecam1,1.2671945442868453,0.3290916924217218,-0.7211633477776527,-0.8751228889309145
Pou2f2,-0.29031258252933495,1.4658623694397204,-0.39282942988500436,-0.7827203570253809
Ssh1,-0.34038573118486387,-0.6734298623675607,1.4858661068212125,-0.4720505132687879
Samsn1,0.9714303004627552,-0.7454778742537739,-0.9717714916447411,0.7458190654357597
Bcl2,0.4769926207366222,0.23791419114670032,0.7516744051277464,-1.466581217011069
Dusp16,0.9634805920311883,-0.022942058349889542,-1.3727304693497149,0.432191935668416
Gngt2,-0.5214735158372665,1.4834873491259988,-0.30129137816202317,-0.660722455126709
Tnfrsf1b,1.0563756765272405,0.4227614887977262,-1.2924789627008564,-0.18665820262411048
Tmem51,0.06991130746242046,1.3558175916696331,-0.447798778176933,-0.9779301209551207
Stap1,-0.17689151803537193,1.3256118562974555,-0.04915383371500837,-1.0995665045470753
Rnase6,-0.5366858454270597,0.4834373982958442,1.1394671789475082,-1.0862187318162926
Dusp5,1.3335522497008387,-0.43387585242588506,0.11082272032010637,-1.0104991175950602
Mid1ip1,-0.5826633629657486,-0.26511029506702477,-0.6322523306779653,1.4800259887107385
Spata13,0.7126276948523108,0.739101442982515,-1.3937463251779514,-0.0579828126568744
Zfyve9,-0.2888050457363187,1.4787552978384129,-0.49037203471730284,-0.6995782173847913
Ptprj,-0.05746830875585463,1.431486727826988,-0.7293166176962902,-0.6447018013748432
Rap1gap2,-0.29424895958475666,1.4170265429558322,-0.19048545152692214,-0.9322921318441533
Stk24,0.08039462518121133,0.9491345862999485,0.3691796919062482,-1.398708903387408
Ldlrad3,-0.3212527333138301,1.4712291542880047,-0.3864960720394728,-0.7634803489347018
Map3k14,-0.4878317861891208,0.22172932188622518,1.290084290332019,-1.0239818260291236
Tmem26,-0.17671007372203554,-0.4996411010601008,-0.7777112492016965,1.454062423983833
Myo1g,-0.38322744137364445,0.44750985512304553,1.1191201759978502,-1.1834025897472513
Klf4,0.8219168070645527,0.7501834317625207,-0.2732499631568584,-1.2988502756702152
Atp1a1,-0.3995263178708943,1.3803187394550869,-0.01388702320010776,-0.9669053983840848
Filip1l,-0.45670301353070764,1.349087044014616,0.08916388328374783,-0.9815479137676564
Adrb2,0.04960440019856413,1.3705526760253464,-0.9453461571612842,-0.4748109190626263
B4galt5,0.21793560037191065,1.114083574449581,-0.024065539153377793,-1.3079536356681138
Retnlg,0.7877523958827918,-0.6164031943078715,-1.0818706132237157,0.9105214116487955
G0s2,0.6049178328475943,-0.5451444738768204,-1.1104202261379679,1.050646867167194
Lcn2,0.6984687108123422,-0.4601629945128198,-1.1849850849299954,0.9466793686304732
Csf3r,0.47613242677517564,-0.11078006987307891,-1.3433407544473046,0.9779883975452079
Il1b,0.9620169189272536,-0.27256151475548046,-1.283492659676731,0.594037255504958
S100a9,0.6813463298441702,-0.5258970602803579,-1.137705111746552,0.9822558421827395
Cxcr2,0.48071200142185305,-0.5052171731921012,-1.1087673354095495,1.1332725071797978
S100a8,0.7040633055245166,-0.48864071421277916,-1.1665601205132665,0.9511375292015292
Sike1,0.8621981914017981,-0.77468549276709,0.8652671459313978,-0.9527798445661059
Mmp9,-0.23812390774162726,-0.5606871663554024,-0.6752751922837323,1.474086266380762
Lmnb1,0.8909502730777511,-0.9969618836276438,-0.7237359094251881,0.8297475199750808
Rsad2,1.3000210096907374,-0.3657071516378541,-1.075323214235007,0.1410093561821239
Mxd1,1.082898822038078,0.2110243747647238,-1.3345953071706516,0.04067211036784994
Asprv1,0.6564730955195895,-0.5095312122176405,-1.1455308886923674,0.9985890053904183
Arg2,0.8166394308090541,-0.17800753887467088,-1.343397976239621,0.7047660843052378
Il1r2,0.5655979972732949,-1.2435545454044046,-0.33327854349286823,1.011235091623978
Retnlb,0.6119349936674824,-0.05672811122855836,-1.3885017587462831,0.8332948763073591
Fgl2,0.6782108112166422,-0.17233046161389234,0.8384751548261018,-1.3443555044288515
Slfn4,0.6627736572299452,-0.4581932820114343,-1.1816102121245426,0.9770298369060316
Ccrl2,0.7947564406445449,-0.5400529462807074,-1.1383581962827558,0.8836547019189185
Chac1,0.35039855033589573,-1.4785332285141994,0.39851308507004163,0.7296215931082621
Nbeal2,1.2591087101152307,0.12430804843449376,-0.22145748810704424,-1.1619592704426804
Tet2,0.22924289165010786,1.3018069390978877,-0.9663850630237399,-0.5646647677242556
Emc7,-0.1603142136578097,1.448145006719204,-0.48912308949487565,-0.7987077035665188
Ttyh3,-0.7715507787540093,-0.9520472563482573,0.7814238840220361,0.9421741510802306
Ptgs2,1.3400780045427034,-0.426556011735089,-1.0067517667454116,0.09322977393779708
Timeless,-0.327879801574486,-0.5517583114702206,1.4889081844048657,-0.6092700713601591
Pias1,0.7237355593206235,0.7887282910506749,-1.3521937837517655,-0.16027006661953283
Trib1,0.8472506238066967,0.8807421948875536,-0.946093838887788,-0.7818989798064623
Atf7ip,1.0792728490656611,0.6096298444352153,-0.7078398245674102,-0.9810628689334663
Hdc,0.6477029318266765,-0.5085072610604197,-1.144821895793777,1.00562622502752
Chil1,0.8775505089459311,0.043740686078733874,-1.4102779273155863,0.48898673229092116
Acta2,0.5894032082489156,-0.3858169783105159,-1.2160250120272051,1.0124387820888057
Ulk1,0.763863142165227,0.8599107484083458,-1.2354113135107685,-0.3883625770628044
Gadd45a,0.9217068672460238,-0.4119396811879076,-1.2168687431076655,0.7071015570495492
Pnisr,0.34213793668929804,0.9240480237374682,0.15031733338797063,-1.4165032938147368
Spc24,-0.8522620537160718,-0.7306509422259042,1.284909543386183,0.2980034525557929
Zfp300,-0.09273124251088169,-0.7228466285416155,-0.6257269173742153,1.4413047884267125
Igf1r,1.1016683602613364,-0.18686512372902314,-1.2737887105048316,0.3589854739725181
Pim1,1.0908814097400725,0.6050707409882028,-0.7944022967799839,-0.9015498539482916
Ndel1,0.8843372645587821,0.8081335827813897,-1.1037610829211844,-0.5887097644189875
Usp19,1.040708521614774,0.6685851523388616,-0.9220161000032674,-0.7872775739503683
Il1rn,1.1395493097691582,-0.4645322111596519,-1.1305448516554595,0.45552775304595305
Hcar2,0.855232651745275,-0.48634577643671595,-1.1754041164260098,0.8065172411174507
Slc40a1,0.5760453160810364,-0.39672352835198665,-1.2065100520089624,1.0271882642799126
Clec4e,0.8205125405379903,-0.009573019492207499,-1.404933635488043,0.5939941144422604
Neurl3,0.44759271381750054,1.1448456946063637,-0.46375939027422325,-1.1286790181496411
Rabgap1,0.5985051575016638,-1.392815963295172,-0.042384379565473494,0.8366951853589817
Retnla,1.034465798562556,-0.48273385673687713,0.6029526871016869,-1.1546846289273658
Ccl17,-0.41762524906691584,-0.4809497633861472,1.4958432739565877,-0.5972682615035246
C1qa,0.7648326460313305,-0.9383591932467616,0.9583874233189733,-0.7848608761035422
Fcrls,-0.35721143361143043,-0.5711446859774183,1.4925921779851437,-0.5642360583962951
Cxcl16,0.6803698497759669,-0.7254544297922145,1.024988405301375,-0.9799038252851273
Mdfic,1.0991127819339737,-0.7750121846581175,-0.91663184083318,0.5925312435573239
Ccr5,1.0324642997866342,0.15498310018050065,0.1824792517243547,-1.3699266516914896
Ccl12,1.0399802863805176,-0.48999612557371425,0.5988224057129201,-1.1488065665197236
Mafb,1.1121273958351896,0.5244120013040379,-0.5452915775354171,-1.0912478196038105
Bcl2l11,1.113085783718874,-0.00018742788315448248,-1.3120180456403214,0.19911968980460207
C1qb,0.7067974769314156,-0.9092965501368474,1.0104013867322978,-0.8079023135268659
Cd81,0.4737069053500242,-0.09430364392580996,0.9710600100170205,-1.3504632714412346
Cd86,0.04364768734811016,0.14351400466473346,1.1229683433763373,-1.310130035389181
Thy1,1.121802354202294,-0.19541366546486955,0.3350145807083798,-1.2614032694458042
Mgl2,-0.15403320870641013,-0.6233232813594644,1.4576965566644802,-0.6803400665986057
Ctsc,0.856191038597606,0.4468871928188135,0.12891661773347685,-1.4319948491498964
Cox7b,-1.2694121630508894,-0.3260841759715673,0.8665143914605818,0.7289819475618748
Ccl7,1.4219633786608583,-0.14199856098601507,-0.37663701664059585,-0.9033278010342474
Wdr3,0.20924750828467342,1.0796822691486119,0.04829469886971865,-1.3372244763030041
Ccl4,1.1367214680170687,-0.26113601007167386,-1.2303668079426833,0.35478134999728844
Hgf,0.3956716703687196,1.107263235626679,-0.2575011634254927,-1.2454337425699058
Tmem214,-0.16559461506176926,-0.9832990726768659,1.3947281993420966,-0.2458345116034615
Got1,0.0817724475045424,-0.8976493786318757,1.3709315279732683,-0.5550545968459352
Slc7a11,1.2829027029765407,-0.8874680148751553,-0.6918716119631115,0.2964369238617261
Mmp19,1.223363065111175,0.4093301284973155,-0.8549996988687347,-0.777693494739756
Glb1,-0.44348041976195934,-0.505612466276108,-0.5494878576930846,1.4985807437311518
Tmem176a,-0.4260148270752118,0.49348564494586816,1.1004398706648688,-1.1679106885355253
Ndufb3,-1.376139136319332,0.05792729012445269,0.3170209403629843,1.001190905831895
B4galt1,1.4429673350057886,-0.11980852323294526,-0.5430117726955461,-0.7801470390772972
Bcl2l1,1.3845738058134802,-0.5643568127853629,-0.8727524234664608,0.052535430438343335
Pqlc1,0.5700749114925213,0.8844638936850958,-1.3733718124939365,-0.08116699268368062
Zmynd15,0.059862314235898974,-0.6543269253208038,1.3907538396738983,-0.7962892285889935
Cish,0.2520206880267736,0.06789646378124242,1.0401876966398926,-1.3601048484479088
Rab20,0.5733438948056349,-0.07306805167403356,-1.377258118905718,0.8769822757741168
Tubb2a,0.35149908080685466,0.21812701532802303,0.8698799970049507,-1.4395060931398282
Mfsd1,0.9334615390442879,0.6638151621274951,-0.34457197019552926,-1.2527047309762538
Src,-0.32249099861409486,-0.7016601242610341,-0.4572618061986161,1.481412929073745
Fmnl2,1.1432583434652903,-1.2903681099171609,0.16599367192703213,-0.01888390547516138
Ncf1,1.4574566982939596,-0.7730179759606626,-0.19383641213756944,-0.4906023101957276
Csnk2b,-0.27011445044279936,0.39449538791526123,1.1133256442482546,-1.2377065817207167
Gpbp1l1,1.1467152802666563,-0.265950833507645,0.342701812603287,-1.2234662593622982
Cox8a,-0.8914740206137235,-0.5386715458588934,0.04707245928348608,1.383073107189131
Gpnmb,0.5581214296088094,-0.7194348057196754,-0.9580692208046397,1.1193825969155058
Mfge8,-0.5370996489613262,-0.4008875836997596,1.4963453302054426,-0.5583580975443566
Fabp5,1.3951215013651599,-0.9559263949172242,-0.3668975076796196,-0.07229759876831622
Rilpl2,-0.09772558997378264,1.0531686055882306,-1.3217742073540009,0.36633119173955314
Spp1,1.4075773038949493,-0.2164797501167326,-0.2332602454386931,-0.9578373083395237
Pdgfa,-0.4271336819635303,-0.5954249922609952,-0.4736604517092068,1.4962191259337323
Lamtor3,0.45289745005150406,-1.0727165159951089,1.1619879738428762,-0.5421689078992715
Ank2,-0.580724389596452,-0.47807683189507977,-0.43850220276833185,1.4973034242598635
Cd63,-0.248090446920569,-0.9226189773907488,-0.2518863148549424,1.4225957391662603
Ctsl,1.3666161172582902,0.10192344604212807,-0.5865068385496464,-0.882032724750772
Trem2,1.2086871343571592,0.2957218813638542,-0.3522040473415424,-1.152204968379471
Ftl1,0.04952887905033414,-0.4776236555650345,-0.9430589087061407,1.371153685220841
Bhlhe41,0.8383848018466882,-0.5233850711298532,0.8358697980033768,-1.1508695287202118
Myof,0.9101864034244866,0.7763494799426964,-0.5724907703126089,-1.114045113054574
Cd68,-0.2653351506850706,-0.19145043976466417,-0.9524157093819532,1.4092012998316878
Ctsd,0.9305881981257434,-0.6964045602761857,-1.0175376267936889,0.7833539889441312
Prrg2,0.7606583939337791,-0.13233135738538288,-1.3645181696091129,0.7361911330607168
Fstl1,0.4089014335746634,0.9818300593422696,-0.023896346747258802,-1.3668351461696742
Pebp1,0.29878557260650795,-0.792623333598799,1.286278675164476,-0.792440914172185
Akr1a1,-0.05024650492826646,-0.3838639406860328,1.3909159096622299,-0.9568054640479305
Fth1,0.6317479143246267,-0.6898085226329671,-1.0013514837601059,1.0594120920684462
Gstm1,0.442835556182372,1.1813689520529966,-0.600863139581804,-1.0233413686535646
Myo5a,-0.26738214810082817,-0.8376287049235898,-0.346483018050384,1.451493871074802
Lhfpl2,1.482519561637045,-0.33348662990138844,-0.45045180947044927,-0.6985811222652072
Esd,-0.30356554645706435,1.3490066034058017,-1.0430836906960612,-0.00235736625267633
Tnfsf12,1.028362871113468,0.302516244241947,0.029302882885845948,-1.360181998241261
Pdpn,1.4797047992263734,-0.37776611719638664,-0.37685438133632176,-0.7250843006936651
Gaa,-0.40074711303840616,-0.694616564714067,-0.38960114564511367,1.4849648233975867
Ctsb,0.9056064242140709,0.46362319497350146,-1.4013908075438066,0.03216118835623432
Ctsz,-0.48058993742125466,-0.9158697267975352,0.007155972565346215,1.3893036916534436
Atp6v1c1,-0.10797768248410912,-0.7710699596241462,-0.5623318469196921,1.4413794890279474
Vat1,1.4106086023555808,-0.13293661040643984,-0.34194513297232315,-0.935726858976818
Dpp7,0.21811330333087242,-0.375972708510228,-1.1039928040572682,1.2618522092366236
Golt1b,0.6290203600774409,-1.2104378892381504,0.9871821421394203,-0.40576461297871086
Il11ra1,1.4726857002927787,-0.6434246026764798,-0.6061568196091651,-0.22310427800713373
Creg1,0.8430324916344737,0.8388985451719908,-0.5484766787268663,-1.1334543580795982
Cstb,0.3310123895964941,-0.6392681046033468,-0.9491074518148693,1.257363166821722
Saa3,0.8759203126275753,0.27302024167066696,-1.4399734125879609,0.2910328582897187
Prg4,0.424927668868128,0.8777288478283902,0.12345285450691129,-1.4261093712034296
Serpinb2,0.37366443251797576,1.1879639626720444,-1.1197647049937114,-0.4418636901963088
C4b,1.0193405245637746,0.6195349659269064,-0.4772646280148508,-1.1616108624758301
F5,-0.22729227204849436,1.4552500088845393,-0.8097408833504796,-0.41821685348556537
Slpi,1.1005967449366794,0.3024524836497256,-1.2985739134513399,-0.10447531513506511
Ptgis,1.1341719049932866,-0.6113961773050374,-1.0370171482225246,0.5142414205342754
Icam2,0.40213115718060144,0.9958386469964197,-0.039653371340298484,-1.3583164328367228
Ednrb,0.5487310008438694,1.1238605835925624,-0.9724030535896881,-0.7001885308467435
Fcna,-0.36110028690332585,-0.6278269378086409,-0.5021434794991531,1.4910707042111198
Selp,0.21919509103560703,1.1577470611941754,-0.1124544057534554,-1.264487746476327
Lrg1,0.3096347000793761,-0.1538540544742322,-1.2754548257952119,1.1196741801900678
Ecm1,1.4066820500005917,-0.11088050187012652,-0.938933674647372,-0.35686787348309307
Itga6,0.5948059411616969,0.6897754770152794,0.17787420533552756,-1.462455623512504
Sdc3,1.1889699242437775,-0.41561383038802413,0.359839146203677,-1.1331952400594303
Fn1,0.957318739896909,0.7000044131476714,-0.4968674875098704,-1.16045566553471
Snrnp25,-0.08444828211465417,-0.6020982831679115,1.437502018304785,-0.7509554530222196
Ptgs1,1.1589148459937413,-0.06574183091473058,0.1797332467542952,-1.272906261833306
Prtn3,-0.220436981441975,1.4723326227399118,-0.6225687025556439,-0.629326938742293
Pf4,1.4790449622193824,-0.722532484109455,-0.4241759754004325,-0.332336502709495
Cfp,0.4798738674690781,-1.0366202679048013,1.1559141435048916,-0.5991677430691684
Padi4,0.30442103198315135,1.0517440569909215,-0.014165983617161834,-1.341999105356911
Cnot6,0.5580305783196026,0.1877020129616549,0.7169298502373292,-1.4626624415185867
Evi5,0.22889458324825673,1.3078785365382517,-0.6007184463877502,-0.9360546733987581
Arhgap23,0.1504033709017591,1.3186430914524987,-1.0169329239181935,-0.45211353843606417
Tgfb2,-0.5011494156777012,-0.4713437045229798,-0.5271173777210191,1.4996104979217
Thbs1,0.5663934306172319,1.1068131501954372,-1.0014562571231702,-0.6717503236894989
Vamp3,0.4936413509199118,1.0797581470973052,-0.3667904908000383,-1.2066090072171787
Garnl3,-0.08257124581871052,0.4078745750679746,1.0150387005322579,-1.3403420297815218
Ank,-1.2520331485842993,1.0786150913272565,-0.269637409768004,0.4430554670250467
Nt5e,1.43492727565354,-0.4045133986693011,-0.1641540614624082,-0.8662598155218307
Tcn2,0.6937341422497441,0.7650687758754338,-0.07010269101724727,-1.3887002271079305
Emilin2,0.7430872465044728,0.6488792841258045,-1.4233042424350548,0.03133771180477749
F10,1.2583154807479808,0.3461729093747496,-0.8715802272008092,-0.7329081629219213
Pygl,0.9165016816643795,0.3625126797975912,-1.4175400708067674,0.13852570934479666
Ddost,-0.66109565209022,0.11084984890294387,1.3704036025609736,-0.8201577993736975
Acly,1.1675716717967206,0.20807537229224432,-0.11893045840778213,-1.2567165856811828
Selplg,0.34355516326559804,-0.6276483074918364,1.2483180113625483,-0.9642248671363098
Adgre1,0.41906602998281733,1.1803758198397936,-0.52404949823637,-1.0753923515862407
Ltbp1,-0.18138895637518407,1.4437814414479246,-0.4241022992985123,-0.8382901857742282
Man2a1,0.8320454971868938,0.812363406629125,-0.43767508716050557,-1.2067338166555133
Phf11d,-0.21903410159272857,0.4145126009860469,1.0772282911530267,-1.272706790546345
Sgpp1,0.1361740288781964,0.8690643281124818,0.42499382008726533,-1.4302321770779436
Plod3,-0.2760179976019476,1.3833293123935593,-0.9992703477617145,-0.10804096702989724
Pycard,0.07571988555147328,0.3614828448227322,0.9578389303884114,-1.3950416607626168
Wfdc17,0.5487581311721815,0.7184909912063439,-1.4641891402387093,0.19694001786018386
Brd9,0.25743165170365434,-0.06380612332076867,1.109610109577769,-1.303235637960655
Krt79,0.6216482479512526,0.5653154190757973,0.2980142571546121,-1.484977924181662
Chil3,0.3859771670794115,1.2378119496542066,-0.7961202758897495,-0.8276688408438686
Plet1,-0.44299737379669984,-0.5082746018319547,1.4986098560371606,-0.5473378804085061
Car4,0.7611534703089691,-0.7640553676450283,-0.9568967385794951,0.9597986359155544
Tcf7l2,0.8226597450447369,0.8373696266533419,-0.4805906634985344,-1.1794387081995443
Krt19,0.3664671516251039,0.9537295324453983,0.07632618342743706,-1.396522867497939
Hsd3b7,-0.4089270417193848,-0.9820966836702987,0.02439664301347561,1.366627082376208
Cpne5,0.03817679641263122,-0.49390095882741547,1.3791140342960067,-0.9233898718812223
Il18,0.2815527373113233,1.2786949234730114,-0.965165673370123,-0.5950819874142116
Cib2,0.7021612139484157,0.9235013953379095,-0.4049555007398117,-1.2207071085465135
Chil4,0.5198836395540426,0.8000958629338117,0.12052119292860636,-1.4405006954164608
Abcg1,1.386656146419141,0.0749451891587906,-0.772205487184633,-0.6893958483932985
Gal,0.9067159407521815,-0.8446848804110266,-0.8861324021148083,0.8241013417736532
Perp,0.6353947819176594,0.8643384902330287,-0.14795613541283092,-1.351777136737857
Lpin1,0.9010855441689245,-0.4172456656181934,0.73196413559562,-1.215804014146351
Clic4,-0.11548748647198098,-1.128146690444171,1.3076139615594669,-0.0639797846433147
Ccnd2,0.02328755861702729,-0.39461008809398995,1.3635407911628792,-0.9922182616859164
Ear1,-0.3926825804251566,1.4921310945825514,-0.4632613460443497,-0.6361871681130452
Cd2,1.1208016903978206,-0.21591572756538804,0.3499829237381808,-1.2548688865706135
Pald1,0.5945250014569244,-0.8623717866574131,1.1000972832764588,-0.8322504980759702
Adipor2,0.26215544667081575,0.8979166265983703,0.27206039155575384,-1.43213246482494
Hr,-0.4175824060399667,-0.4874525265563665,1.4961818888761,-0.5911469562797669
Trim29,1.376559161585994,0.009171762724132889,-0.4237226969471747,-0.9620082273629522
Marco,0.6293589309866782,0.07936620853934957,0.7287954702365286,-1.4375206097625564
Lsr,0.40911640865261495,0.3350123743884,0.7332696417705113,-1.4773984248115262
Anxa2,1.0064171466133152,0.5847972277069392,-0.360202124633695,-1.2310122496865594
Sort1,-0.26835542583887334,1.4070433342821065,-0.18210414192327015,-0.956583766519963
Acaa1b,-0.05080344754137691,1.3526900397202672,-0.2508218665759094,-1.0510647256029808
Epcam,-0.38701781093561816,-0.4725631314117242,1.4922079038774025,-0.6326269615300602
Nceh1,1.1447025877213304,0.500182710207002,-1.0305885357883826,-0.6142967621399497
Fabp1,0.19755344473244565,-0.06432916468880953,1.1474636485202754,-1.2806879285639114
Adcy3,-0.4733506024966703,-0.5164543326627046,-0.5099251854427184,1.4997301206020932
Gmpr,-0.47934681186533606,-0.5885955288103932,-0.42871556892755536,1.4966579096032846
Mgll,0.6389552698727846,-0.9145699879437825,-0.7888306943180282,1.0644454123890261
Prkar2b,-0.09504369177042683,0.5234196547684551,0.9315095306784968,-1.359885493676525
Ly75,-0.14803251561223274,-0.4253929909512778,1.434039814712416,-0.8606143081489056
Card11,0.32027688854435904,-0.08250129178446317,1.0774289728623048,-1.3152045696222006
Flt1,0.8273043995859098,0.713367303235624,-0.21363131884316336,-1.3270403839783707
Reep5,-0.25231305340936033,0.7231896639486373,0.8375184603692721,-1.308395070908549
Ptms,-0.009726630179416692,-0.7795046996574241,1.4146241869120673,-0.6253928570752265
Bub1b,-0.7495804894366547,-0.826883100594827,1.2940848875530488,0.2823787024784328
Aldoc,0.6009429767205419,-1.4404010224000878,0.7451268779118178,0.0943311677677281
Atxn10,-0.8041757187725117,-0.8056773858358433,1.2567959217467501,0.35305718286160476
Fpr1,0.6496123399352349,-0.3989700245712602,-1.2178905930434134,0.9672482776794386
Serpinb6a,0.4144139893333803,1.1902181504713294,-1.0515344958727066,-0.553097643932003
F7,1.4659861153954206,-0.4594929087457454,-0.24514130624218755,-0.7613519004074877
Slc9a4,0.23513322623994956,-0.45627671791389374,1.2750612693306027,-1.0539177776566586
Pnpla8,-0.34789657899104043,0.9012868016560264,0.70144846254007,-1.254838685205056
Cd7,0.7363596489728512,-0.1183891230037772,0.7523381319888633,-1.3703086579579373
Cd209a,-0.5328487070151159,-0.14344307775008203,1.4487338109661425,-0.7724420262009446
Atp1b1,0.8176353094042023,-0.02304094140958829,0.6065084523213169,-1.4011028203159308
Clec10a,-0.12140325723781045,-0.19475904652252213,1.3616904867081594,-1.045528182947827
Cd209d,-0.315382697149069,-0.22129391433830553,1.4318570776500594,-0.8951804661626848
Klrd1,0.4839085905418318,-0.4020770916563301,1.099439083769281,-1.1812705826547825
Flt3,-0.5049275270582824,-0.32419426710791127,1.4860609658680894,-0.6569391717018959
Dpp4,-0.47662621736270633,-0.15307971616836727,1.4442619423050023,-0.8145560087739286
Kmo,-0.42765887350913667,-0.3966158811111928,1.489191065667223,-0.6649163110468935
Ybx3,0.11029490607476375,0.8171667409406055,0.5083753944161179,-1.4358370414314872
Cd209e,-0.4016409427528835,-0.3803167897438532,1.483753944852787,-0.7017962123560503
Bcl11a,-0.30661634957513056,0.7183816302061932,0.8676952386454979,-1.2794605192765607
Parp8,-0.12781433645186746,0.7133643728530542,0.7803839505399707,-1.3659339869411575
Cnp,0.19082777699343959,-0.1492255878707528,1.1917274849745103,-1.233329674097197
Irf8,0.10516217520780932,0.31906724168187667,0.9704992846048333,-1.3947287014945193
Btla,-0.4273810963382511,-0.4190138617694534,1.4917433530299515,-0.645348394922247
Fbl,-0.4326824950264028,0.032065607702765085,1.3689638056261448,-0.9683469183025071
Lmo1,-0.6931585889252165,0.9978599402949381,0.7071216197937422,-1.0118229711634636
Ctnna1,-0.29158966529339836,-0.06573926679936806,1.3717302297491825,-1.014401297656416
Gng10,-0.34957780673822314,0.0529909523745778,1.3380424416617396,-1.0414555872980942
Ddr1,0.12425225676194497,0.4891035432503424,0.8240821169658857,-1.437437916978173
Fgd2,-0.49797612369482935,0.24975069640184577,1.277116711579559,-1.0288912842865754
Gpr18,0.2088499599628304,0.6154212760242953,0.6456750484307932,-1.4699462844179187
Bst2,-0.18184284888712712,0.12850518854758883,1.2409581576818975,-1.1876204973423592
Ccnd1,-0.2847263541842655,-0.3184144245506181,1.4495367995869601,-0.8463960208520765
H2afy,-0.2049734670114283,0.6860174595967601,0.8484371998089383,-1.3294811923942702
Abhd17b,0.6920390753111929,0.9473637208123494,-0.4456939551129943,-1.1937088410105479
Plp2,-0.3108657157262353,-0.9380483387763927,-0.16406521819828926,1.4129792727009172
Gm6169,-0.9005895185406367,-0.40132406437639234,-0.11728406457402853,1.4191976474910575
Hnrnpa1,-0.32824064033741235,0.07537525178432028,1.3211306061114338,-1.0682652175583418
Pepd,-0.9980411954731878,-0.698074219394881,1.045797948758527,0.6503174661095419
Npm1,-0.19817557794761462,0.1528747947784553,1.234328908549518,-1.1890281253803585
Tmem173,0.23427074227043665,0.3921648534968919,0.8258856147123205,-1.452321210479649
Coro2a,-0.018010057887251713,-0.3188523390600465,1.3603352815382836,-1.0234728845909855
Stat5a,-0.13389050055511192,-0.14048401264696628,1.346463256797907,-1.0720887435958288
Gpr183,-0.6498589239191366,-0.8239950692919805,1.3743407978889117,0.09951319532220532
Irf4,0.2441976975627128,-0.018201689168201342,1.0941679092362226,-1.320163917630734
Tiam1,-0.04253361363513986,1.2301100551353248,0.03065202529550981,-1.2182284667956946
Tcf4,0.3050755531725583,0.43440681883753995,0.7358813837146237,-1.475363755724722
Anxa6,0.5503537660410958,0.4938835242249506,0.45460394534813237,-1.4988412356141787
Khdrbs1,0.2171115479858537,0.23794356021675142,0.954146652719664,-1.4092017609222691
Apobec3,-0.12918699670708633,-0.17050456182469106,1.3559410075026914,-1.056249448970914
