,0,1,2,3
Chsy1,-0.28800815896973514,0.8385525927028029,0.7401910426561922,-1.2907354763892598
Retnlb,1.3878040886231566,-0.562993624159653,0.04414807222030145,-0.8689585366838051
Mmp8,1.1948023307966962,-0.6994559346027907,0.44533645542909106,-0.9406828516229965
Scnn1a,0.3011616385904969,0.18449143130258192,0.9313402179188971,-1.4169932878119758
Dhrs7,-0.7179156715705062,0.37050874023042657,1.2430431156304174,-0.8956361842903378
Retnlg,0.9447517410116105,-0.2666793496966942,0.6113414104468509,-1.2894138017617671
Rdh12,-0.2277420125307029,-0.0618457568065554,1.3494469758153345,-1.0598592064780763
Klf2,-0.47945430919281856,-0.5196940760848091,1.4997973889248597,-0.5006490036472321
Emp3,-0.18424397730180145,0.9272847299055859,-1.3281139175974987,0.5850731649937143
E2f2,-0.42320763357799845,0.8387809250582545,0.7999313898094653,-1.2155046812897214
Carns1,1.3647621257669227,-0.087673116013649,-0.24214849368056698,-1.0349405160727065
Far1,-0.45448595877070397,1.1946437332106283,-1.1091161320354441,0.3689583575955196
Arl2bp,0.2346576618953406,1.1267770646402657,-0.06893432533444462,-1.2925004012011616
Gpi1,-0.4237555174159749,-0.811794582939784,-0.2183256588651694,1.4538757592209284
Dgat1,-0.475521111994976,0.09712362522844269,1.349555228364053,-0.9711577415975198
Ap1s2,-0.6413909956259924,0.837454847790407,0.8684220178746348,-1.0644858700390494
Atp1a3,-0.6638658479327594,1.2181736816762714,0.4017077884648629,-0.9560156222083748
Arap3,-0.07969290553026141,0.5905852037474149,0.8657926050677955,-1.3766849032849489
Fam160a2,-0.19956819675381243,0.41893375725225945,1.0651802792842138,-1.2845458397826608
Hacd4,-0.3581863075578243,0.4106177346912089,1.1360495568770927,-1.1884809840104773
Slc2a3,0.9734093837955229,-0.6320290690817106,0.722266495492905,-1.0636468102067174
Nbeal2,0.026876598364976214,0.2811497191247928,1.0444843126256695,-1.3525106301154384
Pbx2,0.021198561449305403,0.1116477324467399,1.153876270394095,-1.2867225642901403
Tob1,-0.2726506858126106,-1.1924455039721886,0.26860741930905685,1.1964887704757423
Phospho1,-0.5232791567157022,-0.9344077643164712,0.10010047874298221,1.3575864422891912
Fam32a,-0.3602135825159576,0.3721186402531981,1.1627439730828633,-1.1746490308201036
Gm15448,-0.012817608623339874,0.09613051062473228,1.1804573149835227,-1.2637702169849152
Xdh,0.6773085439547787,-0.4933897723702786,0.9759606981877467,-1.1598794697722468
Ankrd44,-0.10311855101876256,0.28132514136664133,1.1138813129672291,-1.292087903315108
Gfod1,-0.2685515818525449,-0.10625022032998148,1.3803704612864702,-1.0055686591039439
Csprs,1.0911422227032452,-0.6901950955566413,0.59093659573735,-0.991883722883954
Pten,-0.31265085011960936,0.2978403292465317,1.1934556194916544,-1.1786450986185768
Pira2,-0.07563898465285886,0.14569257743794206,1.1837017755112118,-1.253755368296295
Arrdc3,-1.3528865632792098,0.03344005997770143,1.045799780171958,0.27364672312955024
Acta2,0.5943034720420091,-0.4313000684110925,1.024730321611311,-1.1877337252422275
Atg3,-0.5622622125339447,0.5338303103633144,1.1093146264482527,-1.0808827242776224
Retnla,-0.8713934695311955,0.3106083107130053,1.2771262202076354,-0.7163410613894454
S100a6,0.9067408380974972,0.0007328793033572817,0.48596156141304525,-1.3934352788138997
Phactr2,-0.779780927072234,0.43660510196683344,1.2065837741972074,-0.8634079490918068
Scrg1,-0.005400475861407365,1.0766109317609664,0.2603639347880061,-1.3315743906875652
Tnfrsf21,-0.5831959495616408,0.7727500523867675,-1.1059087100016476,0.916354607176521
Kdm7a,0.0454661933785788,0.2588046300980889,1.048835574940751,-1.3531063984174185
Mrpl33,0.13646241120231828,0.48966839638648163,0.8151152062595132,-1.4412460138483132
Cd37,-0.23070831715972318,0.24089846556676991,1.196713912723814,-1.2069040611308608
Snrk,0.03058840421095339,-0.2947454465109443,1.3315158892085681,-1.067358846908577
Mettl9,-0.5434899192730932,0.07023403326032249,1.3741032881013127,-0.900847402088542
Map3k5,-0.396861393784916,0.3823184771598105,1.168354544903111,-1.1538116282780055
Pirb,-0.22202133863991355,0.4039413233208172,1.0861106283296118,-1.2680306130105155
Rnf125,-0.3007764362982494,0.6000903131167066,0.9694120391438021,-1.2687259159622595
Slc44a1,0.14391201808484885,-0.40141245602198183,1.3087934667845604,-1.0512930288474276
H3f3a,-0.713114447215246,-0.29811321331015367,1.4780606428228913,-0.46683298229749176
Slc35a5,-0.47008270860091145,0.7438645435646184,0.9091037147519322,-1.1828855497156392
Stk10,-0.7445779715869448,0.842249382733729,0.8816076750883282,-0.9792790862351123
Tcp11l2,-0.6015063782827528,0.7184575061176521,0.9699139794068304,-1.0868651072417297
Map4k2,-0.36631325234549256,0.4629877599072226,1.1020504971809593,-1.1987250047426894
Xpo6,0.14800882130079782,-0.26493462156146136,1.2628439058199632,-1.1459181055592995
Slpi,0.24009073265472763,-1.3721042329076323,1.0236961271895744,0.10831737306333035
Tecr,-0.9112339904147313,1.4129528902355313,-0.09698317254899654,-0.40473572727180346
Hmgb2,-0.7746204984174685,-0.11848526677237915,1.443324012564507,-0.5502182473746593
Dlgap4,0.490999391642358,0.23543850108765157,0.7412339280518772,-1.4676718207818868
Itga4,-0.2975042214557877,0.5262871221534561,1.0276116791227097,-1.2563945798203782
Inpp1,1.0289752819669422,-0.529881271980122,0.6267772190536655,-1.1258712290404855
Cpne2,-0.16726208476010274,-1.3430401433188341,0.8729648618911715,0.6373373661877654
Alox5ap,-0.26796052003582027,0.44919508281922244,1.073426951852792,-1.254661514636194
Wbp1l,0.27302858161611987,-0.09679324195145372,1.1161574263271483,-1.2923927659918146
Inpp5k,-0.4515123691847576,0.18955919268991575,1.2984298334786906,-1.0364766569838486
Pcgf2,-0.08154417673693493,0.662862981942738,-1.3826752994119464,0.8013564942061435
Trem3,0.033378380178135804,0.10194931338261966,1.1528555977421704,-1.2881832913029259
Mtus1,-0.29793079775092174,0.5666024903299333,0.9957319876272865,-1.2644036802062981
Rcsd1,-0.4644603320730267,0.18509798834963623,1.303939234984777,-1.0245768912613864
Tmpo,-0.6965229185892644,0.7027869321791169,1.0020860623087462,-1.0083500758985986
Anxa1,0.3174646200536029,0.520872553993678,0.6477202049353749,-1.4860573789826559
Prr13,0.23268608278222894,0.44514217888690444,0.7831331166770034,-1.4609613783461368
St3gal5,-0.4373836670180638,0.6634577937387337,0.9693132792660502,-1.19538740598672
Cytip,0.03255200475425069,0.35150974228600507,0.9915293394168184,-1.3755910864570742
Ccnd3,-0.4440897421551256,0.6222943490982743,1.0062642112222673,-1.184468818165416
Ceacam1,-0.1534551448443422,0.3203467718580276,1.1123599936159745,-1.27925162062966
Glis3,-0.349113198432312,1.3004184111528303,-1.081681123321505,0.13037591060098655
Dtd1,0.6028116376888358,0.6209212532738111,0.2548266468206416,-1.4785595377832885
Pcmtd2,-0.37279294933294965,1.49183519136697,-0.6278051198690587,-0.4912371221649618
Mmp9,-0.024343056489969313,0.4442970275625724,0.9548892939116799,-1.374843264984283
Zyx,-0.19836625135582922,0.5275575401861141,0.9817355511376393,-1.3109268399679244
Usp38,0.013997677186561728,0.4255596081905042,0.9468613577713555,-1.3864186431484213
Spc24,0.22052131690710555,0.7073530108080989,-1.4690607092175252,0.5411863815023208
Atp8b1,-0.59016488182627,0.05017351610562969,1.3887880436257485,-0.8487966779051083
Gda,0.4343963795873209,-0.5065112141372429,1.1656914068205932,-1.0935765722706712
Hdac4,-0.4391183674059783,1.0116591435414204,0.6136794345687582,-1.1862202107042004
Myadm,-0.2770199225455681,0.667915808347276,0.9001680114153247,-1.2910638972170325
Dpf1,-0.4043802277465626,0.08289830156524505,1.3392843837109196,-1.017802457529602
Stat5b,-0.3128837687324838,0.6168838114326588,0.960508427488666,-1.2645084701888412
Rere,-1.0295639263394012,0.7947307537423319,0.9176752448461128,-0.6828420722490436
Hist2h2aa1,-0.559239074080398,-1.0345164872595738,0.3803451283131939,1.2134104330267776
Ncor1,-0.8669658160694448,0.1823246918216303,1.3374992511073316,-0.6528581268595172
Slc22a15,-0.3711369129014133,0.1543959816770494,1.2947369682347878,-1.0779960370104238
Rufy4,-0.07941878379855172,0.2802953247184185,1.102672592132328,-1.3035491330521947
Tspan15,0.22125193364939694,0.7873313802776205,-1.4588954305053217,0.45031211657830406
Cd163,-0.320387193356188,1.4043955589570403,-0.9527888538683543,-0.13121951173249805
Plbd1,-0.850402667728081,-0.783212638266371,0.4111946712084768,1.2224206347859752
Psmb11,0.09210604067475067,-0.7414716754050266,1.3808310948477454,-0.7314654601174694
Emb,-0.34101829191704064,0.48375980280310565,1.0774319709431965,-1.2201734818292616
Scd3,-0.03475481750579627,1.131232298806788,-1.2958931244724479,0.19941564317145627
Phf1,0.30012686727947857,-0.8873009566007146,1.2810672141747586,-0.6938931248535226
Pglyrp1,-0.1614805221143404,0.5765393376058625,0.9228222019341785,-1.3378810174257005
Gsr,-0.18426016742249096,0.48759516261040253,1.0064113184733157,-1.3097463136612273
Usp3,-0.7738093691143726,0.1964906932431379,1.3365052333288259,-0.7591865574575911
Lpcat2,0.4278523731353634,-0.045510939906276186,0.979679106242651,-1.3620205394717382
Rasgrp2,0.02472819928098831,0.9305117987277449,0.43815687930467734,-1.3933968773134104
Osbpl2,-0.8094943112283749,0.6564180920351799,1.051760669860805,-0.89868445066761
Coq10b,-0.4222712006415252,0.5299840521450628,1.071977244998745,-1.1796900965022825
Slco2a1,0.17637354831686622,0.5954244633406616,-1.4621252818763122,0.6903272702187844
Fam122a,-0.44447046105547633,0.3095419901095697,1.2288269952238073,-1.0938985242779007
Mdm1,-0.5380670492179042,-0.7983707519725592,1.4363513744287844,-0.0999135732383211
Celf2,-0.1882182374330849,0.1953498250005587,1.2060595430869858,-1.2131911306544596
Zfp516,0.7823487451429871,-1.033041343886547,0.9282574505155011,-0.6775648517719415
Slc2a6,0.7035774439992941,-0.2726708604402908,0.8657009849740349,-1.296607568533038
Hist2h2aa2,-0.4597803396888427,-0.13800712249707922,1.4370679594961406,-0.8392804973102186
Card6,0.28217244112395007,-0.4449739900328593,1.2452574429280296,-1.0824558940191205
Tgfbi,-0.48417535143108803,0.7188721191661305,0.9365149419388997,-1.1712117096739423
Svil,0.07797189288229361,0.416794888147714,0.9140392976844496,-1.4088060787144572
Pdhx,-0.5916634789389968,0.8810200165700506,-1.101724363619167,0.8123678259881133
Padi4,-0.01606490299150896,1.1896504206567893,-1.2560544086700396,0.0824688910047593
Trp53inp1,-1.2537371660742767,-0.3323524531899028,0.9660257697026996,0.62006384956148
Mfsd6,-0.002728147174556552,0.36038776254046695,1.005685497746279,-1.3633451131121894
Jund,-0.9221148162424466,0.2493178354189543,1.3010790058948678,-0.6282820250713755
Camsap1,-0.6023675060499641,0.06899252199742462,-0.8491415680803978,1.3825165521329374
Gdi1,-0.3292477595118274,-0.028287147453863966,1.3676493116369437,-1.0101144046712525
Arap1,-0.1578314039069669,0.3372273441231596,1.103045823552841,-1.2824417637690337
Metrnl,-0.13537036868921268,-0.8565852605842108,1.4329806346450642,-0.4410250053716407
Ppp1r2,-0.07481307582655929,0.051504234251370254,1.2346586453289001,-1.2113498037537112
Rnf144a,0.8645491403814702,-0.31127266377279894,0.7240132202138624,-1.2772896968225336
Zxdc,-0.2563366755907052,-0.503450699582246,-0.7137677029044642,1.4735550780774154
Slc12a6,-0.4655342059895217,0.04614743105305203,1.3701255664785168,-0.9507387915420471
Ulk1,-1.1975059447971341,-0.3785705113614577,1.0885838837410733,0.48749257241751837
Ip6k1,-0.4671723578841032,-0.857556616905884,1.4268555627208857,-0.10212658793089825
Plp2,-0.6381603953257552,0.2400808980329136,1.3071640262333089,-0.9090845289404672
Pqlc3,-1.0275114628488293,1.2725099425532371,-0.5065086878405844,0.2615102081361767
Arhgap30,0.16547198165250068,0.22045008960841025,1.0006789558947284,-1.3866010271556393
Apbb1ip,-0.7897393330343319,-0.32761322764440415,1.465523286868926,-0.34817072619019007
Cers4,0.9757677418717261,0.14818918663370445,-1.3969268729342676,0.272969944428837
Tmlhe,0.6921639978020614,0.33711546869891873,-1.4835447984736794,0.45426533197269925
Rdh11,-0.8153818927818257,1.2664451415868005,-0.7865753147972141,0.3355120659922392
Mgst1,1.362272415528689,-0.22812694881115977,-0.09324312723553962,-1.0409023394819894
Nhsl2,-0.31955435221382483,0.11710226801008519,1.29782093002528,-1.0953688458215405
Dynlt1f,-0.459233566858337,1.0453601461183066,0.5800216181884315,-1.1661481974484011
S1pr4,0.7654965071315638,0.7701905879141256,-1.3342595293387427,-0.2014275657069467
Stat4,0.6984272896875854,0.18859277082009665,0.5770853337231189,-1.4641053942308009
Eef2k,-0.6216295991467128,0.6249602281998333,1.0526106948960587,-1.0559413239491793
Gm6169,0.6552816467621756,-0.09278994235745515,0.8150655842179407,-1.3775572886226612
Chst12,-0.9610997062952452,0.6442160111397779,1.0559565960422521,-0.7390729008867848
Cdk5r1,0.6710094743290391,-1.4289062994530008,0.04670657746463274,0.7111902476593289
Grap,0.3968147652573174,-0.43087342682682733,-1.1354259039021142,1.1694845654716242
Lilra6,-0.0034461906426897413,-0.16005082142761498,1.2985077718417541,-1.1350107597714494
Clip1,-1.4061037352627745,-0.004330296796461275,0.5864915873837475,0.8239424446754884
Kctd12,-0.23831422913177067,0.2037258366953474,1.2216828239481572,-1.187094431511734
Ankle2,-1.2837418989055773,0.9856428938524737,0.5589783465870783,-0.2608793415339747
Slc16a3,0.7078487189803607,-0.2621642716557275,0.8567185139554314,-1.3024029612800647
Ly6g,0.6780500295990569,0.2824080181841345,0.5195844681783697,-1.4800425159615611
Pign,-1.3610322167704927,1.0102383694706827,-0.0055472391604970825,0.3563410864603072
Gadd45a,0.8189003229799532,-1.4516669205108843,0.4209505724277788,0.2118160251031524
S100a11,0.36848835717992195,0.37278644300780395,0.7362732633825883,-1.4775480635703142
Slc39a4,0.3190645894038736,-0.44724907116301343,1.2238229047516669,-1.095638422992527
Glyctk,0.6572161101502929,0.3575135305002204,-1.4885408846126063,0.47381124396209295
Lpcat4,0.24683271436393103,1.0963694145053418,-1.317724790418087,-0.02547733845118557
Ing1,-0.8126615668268927,0.05029924253763295,1.392727752088647,-0.6303654277993873
Dck,-0.30221764359163494,1.006017442742497,0.5560996384633748,-1.259899437614237
Lrrc17,0.11322175950071837,0.931634302413854,-1.4093824448596015,0.3645263829450291
Msl1,0.5021402211764366,0.08263259032400191,0.8412024599233462,-1.4259752714237848
Arid4a,0.09183597962448506,-0.16362249556212904,1.2529013063927426,-1.1811147904550985
Amt,-0.6221968650697822,-1.0088215253835533,0.45147643844395635,1.179541952009379
Stx11,1.2163989948346892,-0.9717435313913686,0.4002427643206712,-0.6448982277639917
Tmem87a,-1.4295896445741332,0.11224011547615097,0.8535730889350228,0.46377644016295944
R3hdm4,-0.6260569464138634,0.9774808369338277,0.716149741847385,-1.0675736323673495
Capn1,-0.443473530226884,0.3176656843442426,1.223616190028947,-1.0978083441463056
Nek9,-1.484743156989189,0.4027634820076763,0.3861038684711588,0.6958758065103537
Limd2,-0.2584428796369856,1.0688690575812254,0.44986904765620156,-1.2602952256004414
Dusp18,0.12788829743585073,0.36892907348335036,-1.415482413227933,0.9186650423087317
Palm,-0.7400259938066324,0.8561393654718439,0.8673204691264529,-0.9834338407916644
Fpr1,0.9993861694187709,-0.6355613890628523,0.6930461144685345,-1.0568708948244532
Map3k15,-0.369629205822992,0.22209125967471485,1.2576536802567968,-1.1101157341085197
Rsad2,1.2824142053465013,-1.0839645002888005,0.1842743761477088,-0.3827240812054094
Ifit3,1.4189226165235675,-0.5746988498141782,-0.03479873085295067,-0.8094250358564387
Ifit1,1.3393913764160617,-0.7068054794058978,0.18688410607710454,-0.8194700030872685
Cmpk2,1.2981652315542898,-0.818264445112158,0.27485925462704947,-0.754760041069181
Ifit3b,1.4713189543583949,-0.7446492798808898,-0.4546955963642397,-0.27197407811326535
Ifi47,1.1758381981909425,-0.7589334473484649,0.4823876091386224,-0.8992923599810999
Oasl1,1.3113928305810154,-0.9069133713317019,0.2313240859337741,-0.6358035451830876
Usp18,1.3153470610333438,-1.1114735469365857,-0.019152523597588945,-0.18472099049916904
Cxcl10,1.1807966773166723,-0.7247819542968953,0.4707184830665369,-0.9267332060863138
Gbp2,1.0024118094988321,-0.6140275662169999,0.6840787795872029,-1.072463022869035
Rtp4,1.1462006580698956,-0.8317955258794312,0.5301528590645779,-0.8445579912550424
Slfn4,1.0577781044498524,-0.7130284023717471,0.63795526706597,-0.9827049691440753
Igtp,1.0200821319763038,-0.6408328316725054,0.6696921453265834,-1.0489414456303818
Plac8,0.5940595660224144,-0.28380494399741646,0.9670177376634614,-1.2772723596884594
Ifit2,1.3986514668487051,-0.9520308154139167,-0.08605800763084806,-0.3605626438039405
Oas3,1.050788261034033,-0.6493851556213832,0.6340381443292853,-1.0354412497419352
Sp100,1.1262893296601029,-0.5844041924477252,0.517449572012133,-1.0593347092245107
Ddx60,1.169197658252852,-0.808353042246182,0.4957573192322423,-0.8566019352389124
Ifi204,-0.19289747992307277,-0.1338362233440467,-1.0390267967060776,1.3657604999731972
Stat1,0.7868269593980431,-0.34334223973802863,0.8186133711798584,-1.262098090839873
Isg15,0.94692145601678,-0.5558379458439413,0.7312567068594598,-1.1223402170322987
Isg20,1.2286743156784783,-0.6095052691920768,0.37128903284327164,-0.9904580793296731
Irf7,0.9089660291946969,-0.5417825504825794,0.7684693333286325,-1.13565281204075
Ifih1,1.252812242106499,-0.6409100081050358,0.33921695240091587,-0.951119186402379
Gvin1,1.3769612937357403,-0.6814370016262882,0.0981886292058366,-0.7937129213152888
Gm4070,1.3958078680152564,-0.6958234947363513,0.05160524757935906,-0.7515896208582641
Oas2,0.6977321028167399,-0.6269648332422408,0.993591828320337,-1.064359097894836
Slfn8,0.9764944710832406,-0.8068987074287131,0.7461629061672581,-0.9157586698217857
Ifitm3,0.8861324625563326,-0.3989106762329646,0.740499618076038,-1.227721404399406
Parp14,1.1199940680238238,-0.7324335757182372,0.5592312999585427,-0.9467917922641291
Trafd1,1.150363702754163,-0.7604389136099845,0.5200114998670126,-0.9099362890111912
Rnf213,1.1413984451556476,-1.2341061112835563,-0.24510314472985836,0.33781081085776704
Slfn5,1.0356724568670739,-0.9539773955764299,0.6711821910996658,-0.7528772523903099
Irgm1,1.313215721273159,-0.7654055810565665,0.24550362784853164,-0.7933137680651242
Trim30d,1.3110251135055644,-0.0008043513112753649,-1.1149327826470246,-0.19528797954726446
Trim30a,0.9017360629633776,-0.4510228443570454,0.7446638193235068,-1.195377037929839
Gbp7,0.875589009485879,-0.5293464023488129,0.799810940035658,-1.146053547172724
Tap1,1.1363139719903554,-0.6805356130553017,0.5276883745221944,-0.9834667334572482
Dtx3l,0.9940526958421487,-0.6883481632078405,0.7106604473879681,-1.0163649800222763
Helz2,1.4042996457602663,-0.8053694803018239,0.01673408991985575,-0.6156642553782983
Ly6e,0.09265553794195824,0.5328313465017717,0.8079458068941051,-1.433432691337835
Sppl2a,0.7838081873065321,-0.4249161881202393,0.8551286050257391,-1.2140206042120318
Gbp5,1.0482704603804227,-0.7219990717964261,0.6513027234888217,-0.9775741120728184
Herc6,1.2396868753712058,-0.8115604196907876,0.3829711117069187,-0.811097567387337
Rnf114,0.5778140811586474,-0.5085485058622056,1.0619780012918507,-1.1312435765882924
Znfx1,0.8218860793135496,-0.6426598722727068,0.8838935848376779,-1.0631197918785207
Ifi27l2a,1.0529117527793659,-0.3704572355107044,0.5309155603599693,-1.213370077628631
Ddx58,0.8646103361282601,-0.4087170374675703,0.7674125823197281,-1.2233058809804178
Epsti1,0.3884955330627698,-0.15703109057560388,1.0669817262760537,-1.2984461687632196
Nt5c3,1.3993307343815398,0.028745047815430653,-0.6107252631371245,-0.8173505190598458
Eif2ak2,1.4153462491233366,-0.8650880145390726,-0.49538539964232225,-0.05487283494194171
Psmb9,0.9494794192982912,-0.490676411897569,0.7066741853697944,-1.1654771927705165
Oas1a,0.919464112525128,-0.2519907594219822,0.6327844210952743,-1.30025777419842
Stat2,0.8464141025104653,-0.594742895450546,0.8483807115538635,-1.100051918613783
Dhx58,1.3128208988731098,-1.0575098283403894,0.12292616705565498,-0.3782372375883753
Parp9,1.2500462318634111,-0.8781814181632093,0.360437474806455,-0.7323022885066569
Cebpzos,0.11173110287049391,0.9660624355241869,-1.3972149140648937,0.31942137567021284
Oas1g,0.6088384908591694,-1.2083095766732082,-0.4036920893354916,1.0031631751495305
Unc93b1,-0.4297385486780513,-0.09238312071788718,1.4165876885529771,-0.8944660191570387
Agrn,0.4349785764902307,-1.379364347620601,0.9529295037621837,-0.008543732631813444
Ttc28,0.06860209166031041,0.2217346365034315,-1.350153798876439,1.059817070712697
Tor3a,0.789825336910578,-1.4551266810583856,0.19577602141926292,0.4695253227285447
Ogfr,1.0000155834616111,-0.4634882449000334,0.6376106838061706,-1.1741380223677482
Parp10,1.0903133497366195,-0.6120896734881159,0.5739730555778164,-1.0521967318263201
Trim12a,1.0201313079939813,-1.0996432701268892,0.6508843296373648,-0.5713723675044567
Trim21,1.09513270256376,-0.7440833697256073,0.5943475585735272,-0.9453968914116799
Zbp1,1.1394011542629323,-0.6724150074666648,0.5216840703066034,-0.9886702171028708
Irgm2,1.0322644044268863,-0.4903355309919252,0.6085689095715698,-1.1504977830065308
Trim12c,0.5076690905429857,-0.21334145295275367,1.0046701839662502,-1.2989978215564824
Ifi203,0.19695927810513217,0.08739702320118517,-1.3490624761080825,1.0647061748017652
Bst2,1.3647697233400917,-0.9367466334057639,-0.5041041718113428,0.07608108187701512
Adar,1.347987170293991,-0.7512855359421506,0.17094344657968746,-0.7676450809315278
Samd9l,0.9029140261758746,-0.6404048928522557,0.8015295219692639,-1.0640386552928829
Hck,0.24735176875581716,0.08159409089148036,1.035122172186903,-1.3640680318342004
Sp110,1.1802952157628677,-0.5462550506799679,0.42712545355506404,-1.0611656186379637
Mau2,-1.042648730161332,0.4944394004999307,1.145352783957029,-0.5971434542956278
Gbp3,1.0400902374903485,-0.7703260391818583,0.6677459996222522,-0.9375101979307423
Trim34a,0.5911947658337573,-0.7913193279539378,1.1011310973448152,-0.9010065352246346
Tuba8,0.9765109402919998,-0.5387182762697769,0.6922506906935444,-1.1300433547157673
Trim30b,0.36547238311154284,-0.09441300734343873,1.0520686298629967,-1.3231280056311008
Lrrc31,0.4419015585427831,0.46584857781553646,-1.4968762570747978,0.5891261207164781
B2m,1.1634530396311749,-0.8461375638604108,0.5046987620509402,-0.8220142378217042
Irf9,0.8106947996143142,-0.5206082405022014,0.8623458944752006,-1.1524324535873134
Igsf6,0.09094865819151893,-0.44612449208004407,1.3458401034712728,-0.9906642695827477
Hecw2,-0.12913464370896166,-0.05485702585348681,1.3092444706963524,-1.125252801133904
Smchd1,0.49224278626608076,0.011847145913430413,0.8947992593045087,-1.3988891914840198
Abcg3,0.16276404332899458,0.6864171961817073,0.6102487180688292,-1.459429957579531
Coq4,-0.6157181878105066,-1.0809701278099124,0.9290258651562389,0.76766245046418
Slc15a3,0.8481730288330633,-0.45148824530779674,0.8011778603505468,-1.1978626438758135
Ifi35,0.5035061587892578,-0.3893040573107954,1.0805286867042816,-1.1947307881827438
Oasl2,0.6572784614621237,-0.459486411424417,0.9821443105573071,-1.1799363605950137
Tor1aip2,-1.3452121041340808,-0.162112711303012,0.635109014454343,0.8722158009827496
Samhd1,0.8339983476754249,-0.22601392264217732,0.7129989212463635,-1.320983346279611
Ogfrl1,-0.04659267100002458,0.22614168692926065,1.120715090479188,-1.3002641064084242
Ehd4,0.6613506189078462,0.42136355909204914,0.40704501831490214,-1.4897591963147974
Slc25a22,0.8891133310288616,0.8411700453887101,-0.8152911216421902,-0.9149922547753815
Parp12,1.064486431001998,-0.9392232452500143,0.6362542708178921,-0.7615174565698758
Zc3hav1,0.3616090188263608,-0.4403749780734707,1.1952823606300007,-1.1165164013828908
Cmtr1,0.03446965018077772,0.12064431167366603,1.1415054913637004,-1.2966194532181443
Zfp81,-0.5663559725426036,-0.34860459257023446,-0.5767197301462643,1.4916802952591024
Knop1,-0.4559396923834246,0.9889006419066824,-1.1808575388023597,0.647896589279102
Fcgr4,0.6957030490999669,-0.33925306952939127,0.9028338264499721,-1.2592838060205478
Rabgef1,0.403015061021839,-0.3032992616252872,1.1207438255188178,-1.2204596249153696
Ifitm6,0.663613925448678,0.08043695317698184,0.6948252061672185,-1.4388760847928783
Gpr65,-0.47031867465238725,0.7385606462588087,0.9140563938433219,-1.1822983654497434
Filip1l,-0.6582025867863149,-0.26423345917762436,1.4789375089779973,-0.5565014630140579
Qsox2,-0.429330652814745,1.4232527098626966,-0.8817248435319235,-0.11219721351602822
Dram1,-0.07903615360225912,-1.3741473222161957,0.8840739846450355,0.5691094911734195
Zfp420,-0.14451321141834314,1.4404340707973862,-0.827627041118537,-0.4682938182605059
Slfn1,0.45473863446618945,-0.35549108787755884,1.1040472853293124,-1.203294831917943
Mis18a,-0.31996124012989435,1.479656072910022,-0.7136320532632244,-0.44606277951690326
Smc2,0.1379346611054801,0.6948535508753098,-1.4535499450750065,0.6207617330942166
Ttc39c,1.2102450942096887,-0.77876021729396,-0.8621748542594525,0.43068997734372383
Psmb8,0.8153746863864476,-0.3329921572107453,0.7854376585896918,-1.267820187765394
Ociad1,-0.8475861536021525,1.354421961261267,0.14576726317465297,-0.6526030708337673
Adk,0.3077907616869544,0.951528418238834,-1.4064852196377868,0.14716603971199846
Mxd1,0.4081803331047187,-0.10810971332605569,1.0282430776583447,-1.3283136974370076
Tmco4,0.1959813113302473,-1.4115229071607087,0.9471995257601391,0.26834207007032235
Camk2d,-0.6369672023635448,0.9084673160967357,-1.0663691418897279,0.794869028156537
Fam129a,-0.15536322015115905,0.6461375320427512,0.858682327126631,-1.349456639018223
Acvrl1,1.2354978199045428,-0.4530138518982126,0.3023656164835945,-1.0848495844899246
Hdc,0.42862018463667984,0.08216115940638864,0.9019954974344072,-1.4127768414774757
Sell,0.5170172497072183,-0.12499962766485267,0.9529536227844132,-1.3449712448267788
Snx20,0.2483859678442219,0.09033910257964825,1.0291315033331812,-1.3678565737570512
Hgf,-1.4124449085091588,0.8622092322739638,0.5098676735883547,0.04036800264684025
Cxcl3,0.6031956626660445,-1.0056200503377064,1.0798220654521258,-0.6773976777804639
Tgm2,0.11818809882930487,0.12025592800686775,1.0938613118542129,-1.3323053386903854
Cd14,0.3302771243894264,-0.08210669235594377,1.0703563335175117,-1.3185267655509942
Clec12a,0.040186715078428276,-0.10311563659392158,1.2533016366612064,-1.190372715145713
Traf6,0.42503838195082844,-1.488959770612152,0.666825097976899,0.3970962906844246
Egln3,-0.02256924149353764,-1.4058596758135617,0.7519279533220912,0.6765009639850081
Dgat2,-0.2401577310220772,-0.38697219081606493,1.4528478095420514,-0.8257178877039093
Cass4,0.5662378334442522,-0.19979826528153874,0.9508693637833976,-1.317308931946111
Slc11a1,-0.21618019196082222,0.33658641763782204,1.1299075707692536,-1.2503137964462536
Emilin2,0.18162999251980208,-0.23710374295365627,1.2338159962535664,-1.1783422458197121
Acat2,0.16972251901949126,-0.05085596377610117,1.1574363350542827,-1.2763028902976727
Mefv,0.3109163996270841,-0.040283819050433795,1.061572846083723,-1.3322054266603733
Gpr35,0.06864581840516505,-0.015153987264413608,1.1966974669132766,-1.2501892980540281
Sema4a,-0.15807519492294592,0.342345272649099,1.0996774917541103,-1.2839475694802633
Rhoh,0.669943248978183,-0.43856058915486884,0.9641400655282132,-1.1955227253515275
Ccr1,-0.09231169628227683,-0.43633276207274446,1.4178732228047368,-0.8892287644497154
Ffar2,-0.2572649048704384,0.04199265643140155,1.3136378479027475,-1.0983655994637107
Eif5a,-0.7663173188845441,0.7220497452044903,0.9943534439103763,-0.9500858702303224
Tec,0.6455857340081618,-1.4516910364398394,0.6777427633978518,0.12836253903382594
Cd44,0.5066398909936359,0.030719187528431984,0.8710561675448261,-1.408415246066894
Srgn,0.4420372264778108,-0.29692019513278534,1.0906078550021465,-1.235724886347172
Cd300lf,-0.0789017519756543,-0.07245344886591394,1.2957330935996214,-1.144377892758053
Lcp2,0.4029020358478539,-0.13842599498920186,1.0474938146346366,-1.3119698554932888
Tlr4,0.07011306650579782,-0.3343550650737223,1.3255150941790883,-1.0612730956111638
Cxcl2,0.42515797236014885,-0.9829932887510532,1.2001599641884317,-0.6423246477975275
Glipr2,0.10263895329907731,0.2808823489917082,0.9992527947558616,-1.382774097046647
Nlrp3,0.9948602956175503,-0.9161340318500546,0.7247875455308996,-0.8035138092983953
Plaur,0.7658896889625217,-0.27471945874085496,0.8073436825298288,-1.2985139127514955
Arih2,0.1429027274229439,-0.06807676682635927,1.1816327329799161,-1.2564586935765008
Rab44,0.6383149989631107,-0.47717040137133643,1.003835046136665,-1.1649796437284392
Nfkbia,0.25883710785177644,-0.9246559327966156,1.2963297266960414,-0.6305109017512023
Xbp1,-0.2935586089490669,0.25845601052760425,1.2105323840410975,-1.175429785619635
Tgm1,0.7428807500766466,-0.2820620737735178,0.833167704541925,-1.2939863808450538
Adam19,0.09495940938156877,0.044953228993274245,1.1505300888861132,-1.2904427272609562
Entpd1,0.5647620077311541,-0.1611519519860556,0.9325721987247761,-1.3361822544698747
P4hb,-0.18116217697109976,-1.2418231240783364,0.2572834417684248,1.1657018592810113
Slc7a5,-0.6444186668675715,0.8023705897024611,0.9029740407745016,-1.0609259636093913
Cpeb2,-0.681746552334165,0.14354171473191835,1.3576301379941327,-0.819425300391886
Ier3,0.10364848356073399,-1.4221412538709388,0.8801079404491541,0.4383848298610507
Jak2,-0.3187890871653679,0.379914951761222,1.1425035538125674,-1.2036294184084213
Cox17,0.4153121394926188,-0.0010251506110187647,0.9636890984771622,-1.3779760873587623
Med7,-0.5359050932414922,0.03779805449185047,1.3864456520820263,-0.8883386133323847
St3gal4,-0.10176024298514708,0.2875320918768817,1.1091362382383698,-1.2949080871301046
Gabbr1,0.7716524513751606,-1.2752633100596673,-0.31891518348415127,0.8225260421686579
Cish,0.3039019683342364,-0.6380901638377963,1.2726807432592837,-0.9384925477557238
G0s2,0.24679563809773222,0.15936326743393006,0.9867131202773394,-1.3928720258090017
Nlrx1,-0.4973515641114416,0.20436830910804582,1.3014711559029655,-1.0084879008995697
Txnrd1,0.1521521412389545,-0.3219111839026872,1.2804575926663397,-1.110698550002607
Neurl3,-0.4938915979732716,0.3985439726899946,1.1862448922103024,-1.0908972669270254
Fcgr3,-0.15720080464675837,-0.4014071423062159,1.432156694756283,-0.8735487478033087
Arf4,-0.09787451398431349,-0.11751240506006407,1.3228921370481352,-1.1075052180037577
Pde4b,0.2797702017907055,0.05382353379130591,1.0296957713820114,-1.3632895069640227
Slc2a1,0.23882102088198648,-1.467742010622426,0.7440261360074706,0.48489485373296887
Slc7a4,0.1625101934722937,0.5817022595226975,-1.4579899289922367,0.7137774759972454
Bcor,-0.6300689687002576,0.20650043827123687,1.3232395080582968,-0.8996709776292762
Adgre5,-0.4660176804732596,0.5132989886473592,1.0984631532072204,-1.1457444613813201
Skil,-0.03711431533501242,0.26553927203254285,1.0903667930536,-1.3187917497511306
Mgat4a,-0.2514561685639725,-0.35530617788548763,1.4493408240661343,-0.842578477616674
H13,0.07554038916016934,0.5555150938959376,0.7995016568986717,-1.4305571399547785
Coro2a,-0.8143936726276925,1.16866942098093,0.4967386269392955,-0.8510143752925331
Rabep1,-1.3146277072246648,0.14215020539415765,0.05510996975466429,1.117367532075843
Cmtm6,-0.33730081896069536,0.533168914930431,1.038458690061919,-1.2343267860316547
C5ar1,0.3671072930652006,-0.10281126112525239,1.0552305849224655,-1.3195266168624138
Rnf24,0.4922480898531248,-0.17558058272069416,0.9985422384853695,-1.3152097456178002
Fcgr2b,-0.34623647455332224,-0.07172089836159923,1.3895785834674768,-0.9716212105525552
Kbtbd7,-0.6773005285499363,0.03760922667648251,1.40041195136639,-0.7607206494929362
Nfil3,-0.12642902114833252,-0.38254996119794044,1.418134932784069,-0.9091559504377962
Picalm,0.09525667725375661,0.4899669377874268,0.8430851647199902,-1.4283087797611735
Trem1,0.4031351944511457,0.12493416294192923,0.8940768977105176,-1.4221462551035926
Csrnp1,0.34930672663171813,0.07622949741243565,0.9665607936414795,-1.3920970176856333
Rab20,0.39770524560951903,-0.45259157737236555,1.1753728560190806,-1.120486524256234
Il10ra,0.24927942082303242,0.035480340987901274,1.0609606475369615,-1.3457204093478952
Il17ra,0.000156111245201764,0.23888125708126778,1.0876197273116734,-1.3266570956381432
Rnasel,0.27419270762509135,-0.0059889098684975306,1.0677333338966202,-1.335937131653214
Arhgef15,0.6216611150097042,0.3752758597221559,-1.4923909746356696,0.49545399990380956
Bcl2a1b,0.08740434121739425,-0.1984692554223755,1.2693699108426448,-1.1583049966376635
Hic1,-0.7956712552102158,0.42881527778888534,1.211954375606539,-0.8450983981852086
Tgfb1,-0.24502133383694058,0.09586106839206306,1.2828124798183327,-1.133652214373455
Gimap1,0.7786274912172837,0.17378501807507352,-1.4534455302294522,0.5010330209370951
Pacsin2,0.0095443751792976,0.44898885776515945,0.9311625170055393,-1.3896957499499965
Eml4,-1.1458440135916637,0.4391720092013375,1.1421568886946545,-0.4354848843043284
Adam10,-0.6598289852469489,1.0142872846284054,0.680974401766885,-1.0354327011483415
Cebpb,-0.0746678213337906,0.2271960349536912,1.134350251725324,-1.2868784653452245
Snap29,-0.12914145554745662,-0.10959788613682568,1.3323850357859455,-1.0936456941016632
Bcl2a1a,-0.708236780388411,0.5797661209831317,1.1020261450168862,-0.973555485611607
Ski,-0.18786564724155402,0.2810908495690303,1.1536684000398494,-1.2468936023673256
Rtn4ip1,-0.7088839825261715,0.6202630315889592,1.071157697427501,-0.9825367464902889
Ets2,0.2136621510697791,-0.04148612910860065,1.1258948880370974,-1.2980709099982757
Gm21987,-0.53896348754601,-0.07273431767757335,1.4277091826080452,-0.8160113773844619
Vasp,0.4094001509638338,0.11460256120910825,0.896007354626191,-1.4200100667991329
Basp1,-0.04193237747568526,-1.3937043137692031,0.8302985813887017,0.6053381098561867
Il1r2,0.006440626718839611,0.3985930877021573,0.9720162231781923,-1.3770499375991891
Lrrfip1,0.18050665331984891,0.09982182544062124,1.0677597903647837,-1.348088269125254
Btg1,0.35560128144002734,-0.282468035246959,1.1447642581244226,-1.2178975043174909
Il1b,0.30305572908899847,0.1642504728257827,0.9436300986315683,-1.4109363005463496
Snap23,0.09332654851872106,-0.20262982854896078,1.2679648115440365,-1.1586615315137967
Tnfrsf22,-0.577404000323038,0.7417719360452609,-1.1075791614718058,0.9432112257495828
Sla,-0.5233589413336417,0.5868960933143029,1.059017816787291,-1.1225549687679524
Pts,0.766586199216992,-1.4502856007696157,0.14782027062633002,0.5358791309262936
Gcnt1,-0.28936489709834123,0.4069506717133403,1.1124769150701215,-1.2300626896851206
Vangl1,0.1277984016186147,0.5917547851270132,-1.4494131035323066,0.7298599167866786
Csf2rb,0.11242404760310946,0.04988116193722771,1.1378021139709253,-1.3001073235112626
Havcr2,-0.6152382633096853,0.5704690848244008,1.093609300250601,-1.0488401217653165
Ptger3,1.361924307270433,-0.17225083082063405,-0.14326706349934967,-1.0464064129504493
Hif1a,0.3578903320001991,-0.024637882783979766,1.0199189467904355,-1.353171396006655
Ninj1,-0.2757940752279758,-1.145048304282733,1.2596959275785848,0.1611464519321241
Ppp1r18,-0.046633650001660844,0.12825868493704207,1.1794423102756053,-1.2610673452109866
Itgam,0.11316576605419809,0.032683328041207334,1.1468068435332917,-1.292655937628697
Bcl2a1c,-0.4285998735476197,0.7528101458996952,0.885993829159808,-1.2102041015118834
Cxcr2,0.23064050842322156,0.2106827490617751,0.9636176090902576,-1.4049408665752543
Lcp1,0.26417402456736044,0.35147895056067086,0.8361054027084461,-1.4517583778364773
Plek,0.3692801928287282,-0.19395850922282049,1.0978018082862915,-1.2731234918921992
Aldh18a1,-1.4061367621169967,0.405252909035261,0.9233279881826039,0.07755586489913179
Zcchc2,0.12559952278758987,0.15190220760265938,1.0701012502466645,-1.3476029806369139
Zfp945,0.2847216331413991,0.6303016538254362,-1.4829431645906095,0.5679198776237742
Bcl2a1d,-0.8205195031291651,-0.01638266224462235,1.4125025743508768,-0.5756004089770892
Litaf,0.11676938456184355,0.1616187661457211,1.069419656164976,-1.3478078068725405
Clec5a,-0.19856608174398663,0.13762277142197832,1.2428607099677669,-1.1819173996457586
Fosl2,0.23075401165959256,0.15397554676522818,1.001166892034414,-1.3858964504592346
Actg1,0.41084324506387704,0.43239326441450365,0.648129376110187,-1.4913658855885676
Gpr146,-1.2884288394912375,0.2743696697143057,1.119611991591346,-0.10555282181441437
Msn,0.019948256556046495,0.22301650005138815,1.0868945850832359,-1.3298593416906705
Cotl1,-0.26067387330588493,0.5411448225649672,0.9999135147787934,-1.2803844640378756
Cd53,0.5592203299634383,-1.026145347742215,1.1067576656802456,-0.6398326479014688
Emd,-0.5529847518485783,-0.264774543058219,1.478864968233092,-0.6611056733262948
Tmem248,-0.6656515700209077,0.21592953795646594,1.3223940380649346,-0.8726720060004928
Eif1,-0.20483717154666267,-1.103408126809211,-0.011001158285390637,1.3192464566412643
Tmem167b,-0.9502405176163012,0.32967486806739477,1.2578604145646037,-0.6372947650156972
Bhlhe40,0.5855009255390934,-0.7793335023952924,1.104647012459027,-0.910814435602828
Pwwp2b,-0.7976662640094893,0.22054848431865412,1.3250323413887384,-0.7479145616979032
Krtcap2,-0.683746176708792,0.9803473825279168,-1.0222067871650846,0.7256055813459598
Pald1,-0.724542645165623,0.4544506866822667,1.1914639116178118,-0.9213719531344555
Abi3,-0.6640459674532846,0.5801481933372138,1.0952654607019192,-1.0113676865858483
Mt1,-0.5563813042171689,1.0949481355626849,-1.0898019434442605,0.5512351120987447
Gngt2,-0.6252810999534554,0.5451066676847006,1.1144866523525536,-1.0343122200837989
Cpt1a,-1.3905061897773645,0.9525612115336936,0.041177983458874357,0.39676699478479655
Prss2,1.406808537958015,-0.37156484162458703,-0.9341338831656312,-0.1011098131677969
Il1rl2,-0.9228117190213936,0.2957600099074802,1.2790173420453157,-0.6519656329314023
U2af1l4,-0.7684539685731199,0.208836931676423,1.3308270768381802,-0.7712100399414833
Exoc4,-1.0258660298052882,1.2192248703286408,-0.5669962198018254,0.37363737927847274
Ptgs1,-0.8185984626245568,0.7484471965544592,0.9750923219541509,-0.9049410558840533
Atp5c1,-0.9998944183120777,1.3547074602405762,-0.4032745156376898,0.04846147370919136
Crct1,-0.20152418937950395,0.6985949015241013,-1.3320051337365157,0.8349344215919186
Banf1,-0.8214985946785088,1.389401597134328,-0.6255992370045763,0.057696234548757136
Alyref2,-0.7955023483340071,0.20482227881127688,1.3323483220069268,-0.7416682524841964
Scd2,-0.1218813984286509,0.45458540752666404,-1.333217689438649,1.0005136803406358
Adgre1,-0.5599597218444174,0.3663007923443462,1.2223331184429655,-1.0286741889428943
Enc1,1.4530505554806974,-0.24707325419295645,-0.37892586405369605,-0.827051437234045
Cd79a,0.5827852698246427,0.5779004872246497,-1.4894074094663132,0.32872165241702084
Fam110a,0.03514261890873932,-0.11875896072580736,1.2627024045082604,-1.1790860626911925
Atp5a1,-1.1358200924506219,1.2929390353747068,-0.19230960833447175,0.03519066541038668
Bop1,-1.135231541119565,0.8851846066989627,-0.5444673189114831,0.7945142533320855
Cox7c,-0.30701039728389645,0.975271582072401,-1.264534658274801,0.5962734734862962
Cst3,-0.535378801141732,0.7527187622795758,0.9216614405880391,-1.139001401725883
Pelp1,0.0038560137071230976,1.2108682475126913,-1.238236802365646,0.02351254114583177
Cd74,-0.11536485308626838,0.26353785173506705,1.1313721545934696,-1.2795451532422684
Hemk1,-0.2742507812732943,-0.35991265817192614,-0.8218141827843114,1.4559776222295318
Cox7a2,-1.0502753142145553,0.7679929595247167,0.9371521429061244,-0.6548697882162856
Gpr171,0.21744005618143122,0.9671064993006405,-1.4033989060890912,0.2188523506070195
Dpf2,0.04836773092452304,0.08671502643882147,1.1533225349316518,-1.2884052922949965
Sh3tc1,-0.5496392981755572,0.199555165829512,1.3145145160004845,-0.9644303836544393
Mboat7,-0.21998795916953903,0.30059085531581037,1.1551068549947632,-1.2357097511410344
Ncoa5,-1.0061377903761812,0.06726969288956056,-0.40875297090467066,1.3476210683912915
S100a4,0.17563806895085576,0.6830676284626925,-1.4622812456192424,0.603575548205694
Tmem219,-0.71315644669452,0.8816429928791144,0.837689386466577,-1.0061759326511712
Relt,-0.44868138577061073,0.2645260285887632,1.2564990792171393,-1.0723437220352918
Dhx15,-1.1476987580804747,0.759821962946061,-0.523778099813012,0.9116548949474257
Tmem258,-0.5055267507054,1.043784015145165,0.5998066912327865,-1.1380639556725516
Cox8a,-0.9117412394653627,0.7523843676561136,0.9712916842551803,-0.8119348124459312
Ndufb4,-0.8898418015233712,1.4350516930621249,-0.26308408484926643,-0.2821258066894872
Atp5j,-1.226951805030266,0.9090746676117707,0.714658632947004,-0.39678149552850883
Fam105a,-0.6868745973869868,0.5160439771036796,1.145441335941561,-0.9746107156582539
Dynll1,-1.3869005407066264,0.9642906624764905,0.3806431419215728,0.04196673630856304
Nxt1,-1.2352115507440378,-0.25201179567759585,1.1340126457231066,0.353210700698527
Pisd,-1.0209023040870442,0.5104861749758339,1.140335184872193,-0.629919055760983
Cdkn1a,0.3390088273402378,-1.0074934127396495,1.24159950400441,-0.5731149186049983
Atp5f1,-0.857554585587539,0.9081421026296138,0.8228213591749648,-0.8734088762170394
Ola1,-0.1704981746123935,0.8116920925640461,-1.3468818850840067,0.705687967132354
Dad1,-0.527198949520276,1.0551242408149,-1.1211153588423535,0.5931900675477295
Pygo2,-0.7017259857208885,0.6717130465300217,1.0288930105421923,-0.9988800713513254
Yif1b,-0.8926289542968613,1.3696173567081062,-0.5652990957049076,0.0883106932936625
Csnk2a2,-0.7726821679635346,0.3064791393222457,-0.8157931830904713,1.2819962117317603
Rnf220,-0.9164076168569997,1.3591817265899093,0.10633055050870838,-0.5491046602416181
Txn2,-0.9732539062562013,1.2964316856533478,-0.5614762362369637,0.2382984568398173
Csde1,-1.3405478992564135,-0.014847248989046566,0.3007606529721168,1.0546344952733433
Nucks1,-0.35288828777262204,1.0433117323239065,-1.2251629195460265,0.5347394749947422
Fbxl14,-1.3305955590556982,-0.11488687267517411,1.0156633339163563,0.429819097814516
Nsf,-0.6833216385813439,0.27733703014310374,1.292428846385192,-0.8864442379469519
Cnbp,-1.3824028369762824,0.36316144872484024,0.04183353380725015,0.977407854444192
Orai2,0.200657013431331,-0.30999161381477786,1.2500051049366467,-1.1406705045531997
Psma6,-1.1791590166545292,0.9492131499549062,-0.4690394203675086,0.6989852870671314
Dguok,-1.2622156762333685,0.8994999143840852,0.6970758895043355,-0.33436012765505224
Ndufa8,-0.7718342571643493,1.2256709098326677,0.4051492517794971,-0.8589859044478155
Gng10,-0.00737708011624675,0.5906530465259103,0.8221324444020105,-1.405408410811674
Slc25a38,-0.3513753844224795,0.8761553786544976,0.7303813941175595,-1.2551613883495776
U2af1,-1.4814483137170942,0.6084779507162971,0.600842794554985,0.27212756844581204
Nup153,-0.5767269257805726,0.46692098993895165,1.1601952755166547,-1.050389339675034
Ndufc1,-0.6008808814342543,0.9926043019605113,-1.0838243353104569,0.6921009147841999
Grcc10,-1.4509047076574624,0.7871220943063242,0.49773861455032165,0.16604399880081663
Cdipt,-0.5435767095619686,0.9282328433939584,0.7481313895783462,-1.1327875234103362
Nudcd3,-1.4231489634491339,0.42195501098021093,0.11627528070311764,0.8849186717658054
G6pc3,-0.11601739471798493,0.7154036387437606,-1.370932045650228,0.7715458016244523
Prkar2a,-0.10403106173777094,0.8695083817054503,0.6021864510386256,-1.3676637710063049
Magoh,-1.0871448149184824,0.6600979775295656,1.0170165147429864,-0.5899696773540696
Romo1,-1.113457602350822,1.3082968957826744,0.024215514976869308,-0.21905480840872146
Scand1,-1.1601491026771524,0.029205537620952585,1.2774002980613155,-0.14645673300511552
Prpf8,-1.18936314176224,0.698088492380376,-0.45343791563049124,0.9447125650123551
Kat7,-0.967430450462317,0.24162967715271577,-0.5704537908600764,1.2962545641696777
Srp14,-1.1523215948848815,0.8232149260654014,0.8502342105228088,-0.5211275417033286
Ap4s1,-0.7916697573713705,0.7985883438344249,0.9280694822059317,-0.9349880686689861
Tardbp,-1.3019874224286918,0.14836855231427726,0.021202885518944198,1.1324159845954704
Dnajc1,-0.2190631172417193,1.4598446351476275,-0.7802275574484624,-0.46055396045744573
Polr2k,-1.3165477109141155,0.8271053505253305,-0.23633076707726144,0.7257731274660466
Taok2,-0.13841712278256346,-0.031106751187317937,1.3024449618785887,-1.1329210879087073
Taf11,-0.8274657041073583,-0.10648596148288596,-0.49941652843911877,1.433368194029363
Rcc2,-0.2792144035436399,1.1255758379439789,-1.2284615722657732,0.38210013786543434
Ruvbl2,0.08927248068018839,-1.1453718127496453,-0.22111017510500458,1.2772095071744616
Snrpd3,-0.9300700749027594,1.276896570656528,-0.6447732454040155,0.29794674965024676
Isyna1,-0.8724722512458574,0.28974430660319106,-0.7048926409222852,1.2876205855649514
Rps27l,-1.2279839287316916,1.0785822058731418,0.47317009396420745,-0.32376837110565776
Exosc5,-1.4781811608059503,0.6277738934617668,0.2530349164927989,0.5973723508513847
Baiap2,-0.1679594095428448,0.7284302081233676,-1.3489063754584696,0.7884355768779469
Mrpl42,-0.610825269340625,1.1817376463120293,-1.0160101408171809,0.44509776384577665
Pcmt1,-0.37693834711698165,0.4175553293844997,1.1378668323279049,-1.178483814595423
Arfip2,-1.25071898225607,0.7998334566230336,-0.36375991473938823,0.8146454403724247
Kdm1b,-0.6177576332969378,1.4355414001162623,-0.7429661643854699,-0.07481760243385453
Snrpe,-1.1479575421613641,1.042130174350661,-0.4904823343050462,0.5963097021157493
Fgr,-0.15985458288165985,0.39641582509366485,1.0626767014269916,-1.2992379436389965
Klf9,-0.5585649192562975,0.5883106579547379,-1.096874116166365,1.0671283774679248
Ei24,-1.0537366391061977,1.351953504129011,-0.055850272583051794,-0.24236659243976144
Prps1,-0.7643800412035627,0.5743463470262709,-0.9217901709353947,1.1118238651126866
Amer2,-0.11401184047250593,-0.1434659514128557,1.3397862555368867,-1.082308463651525
Tmem161b,-0.47216916491753874,0.9315740654207666,-1.1793601804453162,0.7199552799420883
Usp15,-0.6733449725550131,0.32196825289285086,1.2668368814594941,-0.9154601617973318
Dicer1,-0.37744358936177064,0.7894809993791815,-1.242688535485609,0.8306511254681982
Wrap73,-0.5475990155213384,1.327731551309438,0.17249966564614805,-0.9526322014342478
Zfp28,-0.6924051295902153,0.2658626970387875,-0.8727589259065772,1.299301358458005
Uba6,-0.6844905269058755,1.2797012007272275,0.30101795127563186,-0.896228625096984
Trappc6b,-0.6624290714060115,0.6922741447490381,1.005248740533136,-1.0350938138761627
Entpd3,-0.7738201462256686,0.2946497040977115,1.2882943744677868,-0.8091239323398298
Cry2,-0.7033125919898163,1.3514099409465408,-0.8083148629517399,0.16021751399501552
Cdc5l,-1.097570291897579,0.81330712559481,0.8815462840947501,-0.5972831177919812
Tmco1,-0.8628449325610358,1.2942079376152231,0.2780225664772055,-0.7093855715313929
Cox6b1,-0.8862635401125729,0.8733207689430728,0.8584584788957453,-0.8455157077262452
Abhd2,-1.1513733585873345,1.0364717815272302,0.6021821209443173,-0.4872805438842129
Ikzf4,1.3882457542938131,-0.2901766331638057,-0.9881776749715185,-0.10989144615848892
Pde4dip,-0.29032184368976355,1.3801435108908182,-1.0015624969458499,-0.08825917025520477
Brf1,-0.6259283500569751,0.6126764803224283,1.0632132301318302,-1.0499613603972833
Zfp609,-1.2367074535641733,0.045143966465260414,-0.020093619124250683,1.2116571062231636
Atmin,-0.5339212671500235,1.4874106698086054,-0.6316100611314752,-0.3218793415271065
Aaas,-1.0605093182610015,0.06700950624910539,-0.3331021210808093,1.3266019330927055
Pygb,-0.22518631969508707,1.1128961024571595,-1.2552546255910317,0.3675448428289594
Bcl7c,-0.3832058392844493,1.0940647039092228,-1.1931392704098376,0.482280405785064
Cntrl,-0.6232108760678191,0.6165824302706322,1.0595841558431744,-1.0529557100459876
Ndufb5,-0.6123091697983605,1.0829814849109687,-1.0543179552215955,0.5836456401089875
Phf12,-1.0632014194487704,0.307924217850061,1.2406460144743934,-0.4853688128756839
Ndufa11,-0.2645448735024044,1.030413105122697,-1.2703426374596745,0.5044744058393819
Ssrp1,-0.06601278482218491,0.7940198021458433,-1.3887419527059792,0.6607349353823208
Rbm12b2,-0.3018733494201445,1.4858815685244224,-0.5987388618127617,-0.5852693572915163
Ndufaf3,-1.3589237379129269,1.042101464380222,0.2510465402850379,0.06577573324766686
Hnrnpa2b1,-1.0381940047925287,-0.5211083892286773,1.2459597199266077,0.3133426740945982
Mrpl4,-1.3793191830703213,0.49411613309034497,0.9229845067801116,-0.03778145680013513
Secisbp2l,-1.4264415606917709,0.3965813202033307,0.8875436418235865,0.14231659866485366
Rpl36al,-0.8715616344390043,0.9253042310595889,-0.8583604034738755,0.8046178068532909
Os9,-0.7575328961339854,0.7773636657370444,0.9444569253466633,-0.9642876949497223
Fam168a,-1.179701563357209,0.44973189068725034,1.1198416394448423,-0.3898719667748837
Tomm7,-1.466771648146333,0.7608119781404208,0.4543616338494995,0.25159803615641274
Slc10a7,-0.3306810508526228,1.2667772141882636,-1.1191193215158781,0.1830231581802373
Xpnpep1,-0.2873502378618852,0.5761107752880826,-1.27217344377011,0.9834129063439125
Thoc7,-0.3017117472354576,1.2698964702485807,-1.1273816228394102,0.15919689982628707
Ndufa2,-1.4343804443159822,0.8912237544137623,0.2911150493783659,0.2520416405238539
Cdk2ap1,-0.70974945699491,1.4764244130644875,-0.2771974368852078,-0.4894775191843696
Ap2b1,0.15660727202931954,-0.5735875984620544,1.3397582863688968,-0.922777959936162
Cysltr1,-0.9094073791857065,0.47790971514677755,1.1779040704855301,-0.7464064064466013
Mpp5,-0.6772312604597869,-0.6631966065781112,-0.10540022555547168,1.4458280925933698
Arid1a,-0.010759746207103012,0.16828894596529317,1.1376143160305858,-1.2951435157887758
Ppp2r5c,-0.5773078858462766,1.1993579395459042,0.40827428607007576,-1.0303243397697035
Atxn2l,1.1830589606828852,-0.8733653702476933,0.47350396893476837,-0.7831975593699604
Polr2h,-0.4295324946672677,0.7729997160776219,-1.2107207157447815,0.8672534943344273
Arpc1a,-0.8153579289949708,0.3846465920950109,1.2387036832884442,-0.8079923463884843
Fzd7,0.17038125261892886,0.6289825474250594,0.6623585750495318,-1.46172237509352
Tarm1,0.32261260993403507,-0.20889634573063207,1.1359993041160028,-1.249715568319406
Glra1,0.2864482311668833,-0.3442577244896421,1.211647969265394,-1.1538384759426354
Rgs3,-0.5758861175042189,0.37359124124846443,1.221040994598465,-1.0187461183427107
Acsl5,0.030071257633638347,0.8635203392614261,0.5160581292396915,-1.409649726134756
Papola,-1.3529317135657455,0.2306715444428193,0.0678591278791789,1.0544010412437472
Tor1b,-1.2377210455772825,1.1691379210276682,-0.1879822693650056,0.25656539391461985
Cryl1,-0.9081253030016557,1.2990884664582696,-0.6489413334005203,0.2579781699439064
Nsdhl,-0.640255070607511,0.5666894251289444,-1.0276960610134802,1.101261706492047
Apc,-1.2805048656193905,-0.2246511945900701,0.4550114433533875,1.050144616856073
Sec22b,-1.1606268900670351,0.5016459840728426,-0.43997969310489793,1.0989605990990905
Ttc19,-1.2998757861495924,0.3307565521881948,1.0892607824126805,-0.12014154845128298
Ier3ip1,-1.2027238286823556,0.36625001854276223,1.1494933916435426,-0.3130195815039494
Naaa,-0.6483114407279926,0.5212834233406997,1.1358683833689964,-1.0088403659817036
Usmg5,-0.9180437267881508,0.8937004797379717,0.8362465204193491,-0.81190327336917
Fbxl6,-0.857312883356724,0.8334368391207823,-0.8740960129175804,0.897972057153522
Elp3,-0.17344262073565192,0.8821048516473755,-1.339396496344897,0.6307342654331735
Sart3,-1.3679669664442236,0.030821997920599968,0.3267113649914638,1.0104336035321597
Rwdd1,-1.3294363875015618,1.0254903420860346,-0.10761978402346725,0.41156582943899456
Sipa1,-0.2942262836937882,0.621863931720821,0.9481710433427741,-1.275808691369807
Hmgn5,-1.1098980453432923,-0.41815633810613406,1.2254361786632557,0.3026182047861706
Zdhhc13,-0.17309085473856753,0.5520222839218423,0.9492872085765418,-1.3282186377598164
Psmd4,-1.32258976974748,0.48819304267202845,0.9935293903655473,-0.15913266329009582
Akap8,-1.2509466661509483,1.1615762921244455,0.24702082913227394,-0.15765045510577108
Psma1,-0.864387313674005,1.1650164152208382,0.5017523153825769,-0.8023814169294102
Mrps34,-0.550200138784196,1.3101039815885271,-0.9682462523086196,0.20834240950428856
Ssbp1,-0.6573781579942394,0.7059431346480196,-1.041218811199846,0.9926538345460658
Slc9a6,-0.882075204914712,0.42700200888737094,1.211423484400909,-0.756350288373568
Cdc40,-0.9162222684705797,-0.2301287884248502,1.4247966656543078,-0.27844560875887786
Srp72,-1.02791593514274,1.166228428854919,-0.6047563350990682,0.46644384138688916
Gpnmb,-0.27028528909447314,-0.33811687228305765,-0.8419983452821722,1.450400506659703
Gstm1,0.009892337248597154,1.261922229286822,-1.1830353683948118,-0.08877919814060733
Ccl3,0.4880896479506215,-1.4488957315553321,0.16346811985601456,0.7973379637486961
Psap,-0.7210590850499607,-0.5497909191732683,-0.19230498841803784,1.4631549926412668
Rab15,-0.48225969747284436,0.05978023425768219,-0.9451787608436187,1.367658224058781
Fnip2,-0.5291594687643534,-0.7043771618393504,-0.23852016263281553,1.4720567932365194
Cstb,-0.6758912492932857,-0.7729195764003541,0.054987776680011216,1.3938230490136285
Mreg,-0.24054909084526946,-0.9717890877147883,-0.1884629558499214,1.400801134409979
Ctsb,-0.6412295094286835,-0.9146373617568385,0.2574037283281191,1.298463142857403
Rnh1,-0.8175936574097459,-0.691266680069908,0.15636611306565656,1.3524942244139975
Hilpda,-0.024332262286570684,-1.0593247418375666,-0.26131618635003184,1.3449731904741693
Itpr2,-0.8326319929649075,-0.6811873536020581,0.16662023302400564,1.34719911354296
Gns,-0.39911817007311823,-0.9638689861488824,-0.01950366505217462,1.3824908212741753
Cd63,-1.2018606510558056,-0.20244420327150595,0.18809442554231398,1.2162104287849975
Atp6v1c1,-0.5802890071063026,-0.6145275374109517,-0.28910943384462273,1.483925978361877
Hmox1,-0.25683440529171586,-0.9769572210367279,-0.16363919179185055,1.3974308181202943
Tns3,-0.5076570340276314,-0.4626497360097067,-0.5291177679730422,1.4994245380103803
Ralgds,0.8229252766797187,-1.4040190279978566,-0.01168613388081421,0.592779885198952
Lgmn,-1.3146278373104896,-0.06828802015229948,0.29721037879544093,1.0857054786673481
Ifrd1,-0.1463700598372621,-1.168044760131716,0.044670029723072886,1.2697447902459054
Hmga1,-0.1579732932022219,-0.7540756958809253,-0.5415970780681881,1.4536460671513354
Hcar2,0.43822254509677394,-1.4840267378621612,0.35147800607408725,0.6943261866913002
Stx3,-0.6956486193849537,-0.6681005796013929,-0.07304548734255935,1.436794686328906
Sqstm1,-0.033726677524165805,-1.402259152430477,0.690569122999559,0.7454167069550839
Ctsk,-0.5023710409709538,0.9088170555334609,-1.1621483733521427,0.7557023587896357
Lhfpl2,-0.5014820471790867,-0.5355591051376356,-0.4622864959669497,1.4993276482836722
Spp1,1.3325633410640514,-1.0217547600616104,-0.4123003447053268,0.10149176370288587
Atp6v0d2,-0.4520122503041961,-0.03965260836926876,-0.9102915756033195,1.4019564342767845
Gnpda1,-0.6878502752685721,-0.6132494852325983,-0.1570257429225025,1.4581255034236729
Gdf15,-0.5175701654251397,-0.8475449205912974,-0.05297598185888511,1.4180910678753222
Irak2,-0.0025417584595351685,-1.3443453751180565,1.0513830967166635,0.2955040368609283
Pdcd1lg2,-0.47003826804965115,-0.5589643722888419,-0.4696733696518315,1.4986760099903245
Gpr137b,-0.8563820781540333,-0.44981262945082023,-0.12510764088587956,1.431302348490733
Slc31a2,-0.31011423981816727,-0.9533196531244447,-0.14187150881697808,1.40530540175959
Slc23a2,-0.3108946652110237,-0.6188448891612983,-0.5569344337123955,1.4866739880847175
Atp6v1a,-0.538734489057888,-1.0048395525849048,0.26742989891085406,1.2761441427319387
Mpp1,-0.45904178050782407,-0.6655744493201565,-0.3634106501448495,1.4880268799728302
Ftl1,-0.7277924477315255,-0.6732871036435755,-0.019005453763480184,1.4200850051385812
Atp6v0c,-0.3842571424818484,-1.2207996290953247,0.6103161410439638,0.9947406305332093
Naglu,-0.44845328078684227,-0.616792350978844,-0.42942778640571905,1.4946734181714054
Bri3,-0.5842016265804184,-0.9284376171045343,0.18506078826606942,1.3275784554188834
Arfgef2,-0.5752049668867968,-0.5692713478407232,-0.3470431818110933,1.4915194965386132
Slc26a11,-0.5557448441496052,-0.8332147724658366,-0.023954740851622188,1.412914357467064
Gas2l3,-0.4554578188102849,-0.6287109980069876,-0.4091173694992251,1.4932861863164977
Lgals3,-0.13126355890834962,-1.0301942002338087,-0.20888422973359044,1.3703419888757487
Zfand2a,-1.28869415170409,-0.228357741564135,0.4973776154150036,1.0196742778532215
Amdhd2,-0.5751026508495166,-0.7792007095540723,-0.07949698305482684,1.4338003434584157
Aph1c,-0.07907778645651573,-0.8062379624422686,1.430543258484901,-0.5452275095861167
Tpp1,-1.0200715476209703,-0.6397048915288512,0.5359470898313953,1.1238293493184262
Nceh1,-0.5313899199312885,-0.6164217976091714,-0.3423127425924871,1.490124460132947
Mcfd2,-1.3284631575828003,0.24229775157792036,1.0846543944360614,0.0015110115688186305
Snx8,-0.6323771090635012,-0.6137663777204959,-0.22750254221898236,1.4736460290029796
Capg,-0.6048276438503166,-1.0892580591071135,0.9268464147522119,0.7672392882052183
Zeb2,-0.0057205751302746065,-1.0711425354253032,-0.25931648275963365,1.3361795933152114
Pnpla7,-1.0203380647285993,-0.6733670976997054,0.6582148373991529,1.0354903250291518
Aph1b,1.1808089010010718,-0.8606913576230927,0.4777747118474199,-0.797892255225399
Itgae,0.3101364158573672,0.729721083608884,0.4368028568571763,-1.4766603563234275
Npc1,-0.6365318835961581,-0.5565239245450211,-0.2904380484622101,1.4834938566033893
Clcn7,-0.15054582486697002,-1.0009863760181932,-0.23427989356126935,1.3858120944464325
F10,-0.26373609193129854,-1.2412566923059078,0.3938716179356326,1.1111211663015736
Lamp1,-0.8213662197282856,-0.5458874391072958,-0.05551901313106055,1.4227726719666418
Ccl4,0.8783088436892813,-1.3859258748706622,0.5529284909254113,-0.04531145974403045
Dtnbp1,-1.0000829321585252,-0.5334731626494064,0.24747882461580753,1.286077270192124
Eea1,-0.010980304700306785,-1.126059670092764,-0.168175030966067,1.3052150057591378
Rnasek,0.7157345051604327,0.3227762026914714,-1.4795384881986762,0.4410277803467721
Ctsd,-1.0673106981405411,-0.37508426003053597,1.3042532499314434,0.13814170823963368
Fnip1,-0.43919637898859437,-1.0917419675892126,0.2946614065854716,1.2362769399923355
Ank2,0.17240681757319937,0.5779958489558515,-1.4602461726322657,0.709843506103215
Osbpl8,-0.4660770443490355,-0.735767705181714,-0.2706287343943768,1.4724734839251263
Fkbp15,-0.5763516081853054,-0.909542120866782,0.13606472312904655,1.349829005923041
Cipc,-0.5836703299408207,-0.3600024708680582,-0.5490622207677193,1.4927350215765982
Maff,0.6375977378019945,-1.36921700632189,0.8407204349972585,-0.10910116647736295
Slc20a1,-0.7261740384381873,-0.9683522618677474,0.6244903156109923,1.0700359846949423
Plekhm2,-0.7486672948990545,-0.7557636342042888,0.14531250668217674,1.3591184224211665
Eif5,-0.671877381598746,-0.9179958510718537,0.3248217614702126,1.265051471200387
Arl8b,-0.8081151531807105,-0.719144574475798,0.18764382131462543,1.339615906341883
F7,-0.6578808302425617,-0.42763186369579603,-0.40464929424285306,1.4901619881812107
Tecpr1,-0.1524708940689193,-0.8692191917457893,-0.4109155842178738,1.4326056700325824
Flcn,-0.556027339004278,-0.8405738566031847,-0.011988688363874131,1.4085898839713369
Tgoln1,0.36814636352701013,-1.3584778483577793,1.0092804988752138,-0.018949014044444625
Rragc,-0.8012794554942069,-0.7629220892099677,0.25648785214799713,1.3077136925561774
Atf5,-1.0801724021081218,0.4280695391489684,-0.521700000084239,1.1738028630433923
Igf2r,-0.9123909023503324,-0.7629106691279416,0.5358292535878371,1.139472317890437
Syngr1,-0.7465846088621458,-0.40483540904488236,-0.3231324924267634,1.4745525103337915
Aars,-1.2021437100534071,-0.01591272771105393,-0.028453758386970233,1.2465101961514313
Plin2,0.06944249373388611,-1.4012106243663647,0.39664128515056907,0.9351268454819095
Cd68,-0.7219534247956859,-0.6879119809147337,-0.006298668721664638,1.4161640744320843
Eya3,-0.45015763455416524,-0.8227122097515436,-0.1730105373152035,1.4458803816209123
Fam167a,-0.305194987734802,-1.2639705857698749,0.5869795488816213,0.9821860246230556
Smad3,-0.5790778497954314,-0.6005888445487692,-0.30687037446827153,1.4865370688124722
Naa50,-0.8884628802140494,-0.36900568102760634,-0.172469478293073,1.4299380395347288
Cxcr1,0.6337251869956407,-1.311577225889255,0.9083186232712116,-0.23046658437759718
Dvl2,-0.5889747577200432,-0.5087172914616053,-0.3976875286227641,1.4953795778044126
Ilf3,-0.6826176677388458,-0.3480658024899323,-0.4546399938182749,1.485323464047053
Plin3,-0.9724821005758497,-0.5129684000706272,0.15626962981426515,1.3291808708322117
Uap1l1,-0.8088833174586414,-0.17016360889217566,-0.46898727827389897,1.448034204624716
Pdxk,-0.9079855199263445,-0.2040132328585749,-0.31453789544748606,1.4265366482324053
Atf4,-0.7979648094029826,-0.39678705836312794,-0.2663648201932744,1.4611166879593849
Plekhm1,-0.11916392900125339,-1.3024746966756693,0.33743517315365706,1.0842034525232656
Prok2,-0.05988098233094556,-0.8805684422531973,-0.4728529426130101,1.413302367197153
Gba,-0.3564573956947139,-1.0085732914879706,0.0027861135752839596,1.3622445736074005
Tmem251,-0.6751931448317172,-0.7995413631524997,0.09806024978334257,1.3766742582008742
Dnajb9,-0.5373881969794013,-0.8836982374448097,0.0321082447085109,1.3889781897157
Vat1,-0.8254389550702639,0.2864073472086269,-0.7530652016087127,1.2920968094703498
Azin1,-0.6709841397570699,-0.6067082589439752,-0.18742144490115098,1.465113843602196
Atp6v0d1,-0.38955177524493756,-0.7027084119812395,1.4836625314078136,-0.39140234418163666
Mpeg1,-0.30796117040709065,-0.9672636838229848,1.3980273365742175,-0.12280248234414219
Dpp7,-0.7092010257446936,-0.3049147360151554,-0.46501349502788486,1.4791292567877339
Dgkz,-1.0441652071424552,-0.43520126890385963,0.1801940555929793,1.2991724204533355
St13,-0.9790724009159535,-0.07166252312993442,-0.33610214749281336,1.3868370715387013
Sirt2,0.21095825320660935,-1.222532101919078,1.194724893073977,-0.18315104436150817
P2ry2,-1.2320831024794974,-0.36826614141744896,0.9815477545360147,0.6188014893609316
Creg1,-1.2780072489019996,-0.2763558595159104,0.5743237539400584,0.9800393544778516
Cited2,-0.4588590651878181,-1.0929380512091877,0.3338026244437391,1.2179944919532668
Npc2,-0.19087038046215485,-0.7026455294936028,-0.5707567665551452,1.4642726765109026
Atp6v1f,-1.1258691719461522,-0.11435199141383698,1.3094102127178953,-0.06918904935790605
Cerk,0.2034270857838597,1.1003014951621164,-1.321976196846018,0.0182476159000419
St6gal1,0.45282487226220786,0.7411016303580542,-1.4724596138702002,0.2785331112499381
Lasp1,-0.4779065652416012,-1.0017129387337227,0.1594910615251145,1.3201284424502095
Tmem55b,-0.9774734599291695,-0.7351115024748489,0.7190279786219859,0.9935569837820325
Kit,-0.2799454949342623,-0.5287770249225993,1.4802351653463008,-0.6715126454894393
P2rx7,-0.5275991014772935,-0.5428066548539995,-0.4276356030899016,1.4980413594211945
Arl8a,-1.4262639929198522,0.28038888855535116,0.9125242246782701,0.2333508796862309
Ddit3,-0.4160674015321114,-1.1018106977915147,1.2390037022927582,0.2788743970308678
Mgat4b,-0.71673116956827,0.11645636588617515,-0.7705094646481085,1.3707842683302034
Bglap3,-0.13043251851789747,1.3898920487031277,-0.9889430004958366,-0.2705165296893935
Prdx1,-0.5823144199755383,0.6481452973589202,-1.0908971818213955,1.0250663044380137
Gadd45g,-0.3470295427211632,-0.6657585159920952,-0.4742859054148175,1.487073964128076
Anxa5,-0.13658262917683325,0.341909035264053,-1.2950062599055185,1.0896798538182988
Frrs1,-1.0786622878107295,-0.5455219829754655,0.4805003967966748,1.14368387398952
Ccrl2,0.2832136068042937,-0.9406176890072443,1.2823629746619893,-0.6249588924590387
Cnppd1,-0.7984315980890314,-0.9063277000227846,1.0621115625729727,0.6426477355388432
Tnfrsf1b,0.5648243532002735,-0.9916989643982351,1.1096503514760911,-0.6827757402781295
Plgrkt,0.2718445149424456,-1.409309891313099,0.18595831030603913,0.9515070660646144
Bax,-0.9637043677797333,-0.40564096122711746,-0.011450883101654784,1.3807962121085056
Atp6v1b2,-0.760707249673994,-0.7317699847005594,0.12491220449358911,1.3675650298809643
Mapk6,0.035110515692965714,-1.312021982347688,0.15777178170890882,1.1191396849458135
Trpm7,-1.1147342043582873,-0.5741163511757613,0.8157027301563536,0.8731478253776949
S1pr2,-0.9803475405034865,-0.6725297388449896,1.1585687345953735,0.4943085447531025
Mafg,-0.4704615978514642,-0.7763665880047758,-0.21283663007727388,1.459664815933514
Gnl3,-0.7895302193088412,-0.02055471577167037,-0.6069112703933222,1.4169962054738336
Hsp90aa1,-0.5903778335042638,-0.6783492432784886,-0.1982414460308467,1.466968522813599
B4galt5,-0.6023680267766699,-0.4640372785648149,-0.42940111492761596,1.4958064202691008
Dtx4,-0.9986257187043663,-0.39627332204553695,0.03682766892183719,1.3580713718280661
Wdr81,-0.24513687903974588,-0.7993967642098329,-0.41457560321659837,1.459109246466177
Ciart,-0.5098663992991451,-0.6544632129638992,-0.32168319954929725,1.4860128118123415
Gsk3a,-0.909218104142357,-0.7142330306847527,0.3961555832996061,1.2272955515275037
Dedd2,-0.6765628892977935,-1.0257409954299177,0.7076270157135778,0.9946768690141334
Stxbp5,0.1323441692724151,-1.059622930336156,-0.3818667743852475,1.3091455354489885
Sft2d3,-0.33668511260219414,1.487598340118666,-0.49997918404561864,-0.6509340434708533
Wbp2,-0.42207239458936435,-0.49864235989681416,1.4970233941158966,-0.5763086396297181
Tmem189,-0.2719505909398105,-1.2197494505944242,0.3423220496762214,1.1493779918580131
Card11,0.5654257282859129,-0.13178030401071086,-1.3501592729768295,0.9165138487016274
Ostm1,-0.7572140307662856,-0.5575570571921932,-0.1336408565663098,1.4484119445247885
Vps26a,-0.8278757097764952,-0.8443148625529061,0.5170000284902357,1.1551905438391656
Atp6v0b,-1.2579507297232335,-0.30199821679813416,1.0141076413114416,0.5458413052099259
Gla,-0.375353556394386,-1.0492835165269154,0.10267994890401089,1.3219571240172905
Cln3,-0.8093191792361915,-0.9089085444120976,1.0052892168918661,0.7129385067564228
Patl1,-0.36981336878993193,-0.8340061915130805,-0.2475256140657407,1.451345174368753
Hip1r,0.26036940500193534,-0.6596779163787679,-0.8997340232995205,1.299042534676353
Vegfb,0.1749047370018454,0.5662255621454535,-1.4600971329477719,0.718966833800473
Alcam,0.05783790258363625,-1.3357354032797117,0.19400229384609344,1.083895206849982
Cdca7,-0.8155241646680569,-0.4040527657714053,-0.23519016015634173,1.454767090595804
Asna1,-0.9578945503955224,-0.06817134718857898,-0.36770114406813836,1.3937670416522399
Col15a1,-0.7072952102345282,0.08659048879453506,1.3826392619783932,-0.7619345405383998
Sirt1,-0.4730811747757384,-0.7041044845096074,-0.30234713431470006,1.479532793600046
Sh2b2,0.09299829309440599,-1.0252923248447119,1.3337704610624739,-0.4014764293121681
Dnase1l1,-1.0270157918350682,-0.48304018769412016,0.22034293773027344,1.2897130417989149
Hexa,-0.92446406173475,0.04611170435257951,-0.4982374113061957,1.3765897686883661
Ago2,-0.898599343740117,-0.8281103529740482,0.9527675833663263,0.7739421133478389
Cnot4,-0.6014616057438701,-0.7970169910886233,-0.016699476840671582,1.415178073673165
Fndc3b,0.14180884171207958,-0.6911698553647967,1.3589488596308001,-0.809587845978083
Inhba,0.7132157306674384,-1.3883063612151891,-0.07236631496566345,0.7474569455134144
Gm38394,-0.38234036289465784,0.06061171589134337,1.3437395083049815,-1.022010861301667
Vps13d,-0.366853374090761,-1.2180070804651413,0.5414461404841497,1.0434143140717524
Rab9,-0.38207159379747,-1.0114291597036746,0.0409645210362047,1.35253623246494
Piezo1,0.06309384242228501,1.2682917709538315,-1.1662731324234674,-0.16511248095264913
Alg3,-0.2427230915449754,0.8394810919389832,-1.3128485516352553,0.7160905512412475
Arl11,-1.2581113888193427,-0.31585296658441053,0.9853640579002906,0.5886002975034627
Abhd17c,0.07463021654557449,1.0943076140425554,-1.3306972150578869,0.16175938446975696
Cldn1,-0.395202038132046,-0.8362027762540559,-0.21688433231060297,1.448289146696705
Lamtor1,-1.0967607169775886,-0.5343751888660871,1.1166135603909597,0.5145223454527159
Vwf,-1.2464042383931597,0.4416715860145072,-0.2786642765447969,1.0833969289234495
Sdcbp,-0.0691566406817087,-0.791132793623955,1.4299640274567982,-0.5696745931511344
Dot1l,0.07166280094432335,-0.7203445777454759,1.3886655823959182,-0.7399838055947657
Slc3a2,0.49352047041908514,-0.5083224748018068,1.1249734287530175,-1.1101714243702958
Sntb2,-0.4469613237856257,-1.1881539703384378,0.978359862950988,0.6567554311730756
Larp1,-0.5935213951552687,1.0732830985127095,-1.0707569248495887,0.590995221492148
Ngp,0.09502404382892633,1.0692663456190188,0.18265996273135057,-1.3469503521792958
Adamdec1,-0.6061042117954603,0.23626427257875993,1.3048365039149756,-0.9349965646982754
Chil3,1.0564538937824706,0.11930875253432245,0.17973241162089565,-1.3554950579376885
Camp,0.42421314322614173,0.20767273889468632,0.8192388414357569,-1.451124723556585
Ctsc,-0.28797609300265364,0.6854028740972175,0.8894774582638555,-1.2869042393584194
B4galt6,-0.45504077954104566,0.6416373930484953,0.9938608804655121,-1.1804574939729617
Gtpbp1,-1.389368789506448,0.7107137417401689,0.7481392208279254,-0.06948417306164643
Smpdl3a,-0.30701438053153757,0.8676485065589262,0.718625609910947,-1.2792597359383358
Fcnb,1.3859548223876332,-0.7135038747095854,0.07847098898548584,-0.7509219366635337
B3galt6,-0.5363901620595656,-0.027935182373408998,-0.84749959422574,1.4118249386587145
Car4,0.1747462217115018,-0.21606700926443725,1.2293632318973764,-1.188042444344441
Sept5,1.1031665331394707,0.06449957044339392,-1.3244886198004309,0.15682251621756646
Itgb2l,0.5091184548501891,-0.7152931273534386,1.1537776196132303,-0.9476029471099808
Paics,-0.04069757329625503,0.47203178076898705,-1.3737916881839525,0.9424574807112205
Pycr2,-0.38061845720479165,1.1867105972718732,-1.1520304754849207,0.3459383354178392
Mgrn1,-1.065311827192639,-0.6072946293147161,1.0570947191154592,0.6155117373918961
Rdh14,0.06120537263862998,0.9690152105502468,-1.3887767608690158,0.35855617768013903
Lrch1,-0.06294417787695661,-0.643863434598603,1.4331466940429238,-0.7263390815673643
Tmem256,0.20739161046509247,0.6167864513975579,-1.4696637220177908,0.6454856601551403
C1rl,0.372768687572917,-0.24280762211890297,1.116891504538271,-1.246852569992285
Hacd2,-0.317191462350737,0.07834753999019228,1.3162360715510104,-1.0773921491904657
Tuba1b,-0.3537357041941467,0.6631842878953911,-1.2472393807371789,0.9377907970359344
Ltf,-0.43028651258870576,-0.3432838397782601,1.481729050864,-0.7081586984970341
Gm5483,0.7267691604439487,-1.325924171695835,0.8164132215871116,-0.21725821033522533
Rps6ka1,-0.9488437633943554,1.0299067879663444,0.6790871067727766,-0.7601501313447655
Arl4c,-0.541130486379812,-0.7653508387495261,1.449472150223845,-0.14299082509450692
Cbr3,-0.9211396637602097,0.800617209634034,0.9272245978323618,-0.806702143706186
Bst1,0.7103624731921329,-0.515733316946377,0.953985580785456,-1.1486147370312119
Cybb,1.2458418324375218,-0.7218087705574925,0.36630062715903006,-0.8903336890390594
Bag5,-0.99786741446935,0.3692756374440445,-0.5995783686088162,1.2281701456341219
Csnk2b,-0.5352720533311528,0.8100396556183175,0.8674970295062739,-1.1422646317934386
Cd177,0.538341284905082,-0.1245622360004892,0.9352721015168809,-1.3490511504214737
Tbca,-0.3258891398497025,0.7754042448012196,-1.2715413436385958,0.8220262386870786
Gsn,-0.5329672273094817,0.17312911041791118,1.3247401166369575,-0.9649019997453869
Rpl7,-0.7544962963077083,0.6819074156093166,-0.9544383799899842,1.027027260688376
Acp5,-1.1079959782230104,0.33458051472434464,1.2117274441862536,-0.4383119806875878
Actn1,-0.5205200152423402,0.8814181909186108,0.790899752652923,-1.1517979283291937
Entpd6,-0.21279937568036345,1.4006302288402748,-0.9730462218931205,-0.21478463126679076
Ift57,-0.5442012692256891,0.24859773332090454,1.2876160993987802,-0.9920125634939957
Ctnnbip1,-0.5064745326209489,0.5084375325770475,1.1136872617150693,-1.1156502616711679
Hnrnph1,-1.2270938407260172,0.17464213758532687,-0.14827898018033614,1.2007306833210265
Ssr4,-1.0253475064309354,1.3674538949962554,-0.07051975316272875,-0.2715866354025912
Gatm,-0.6573410718858914,0.8575354653280153,0.8518735862690837,-1.0520679797112076
Alox5,-0.5090518159475269,0.725819202709928,0.9381722496233169,-1.154939636385718
Fam96a,-1.1839752275828055,0.7457858317712507,-0.46865568569959026,0.906845081511145
Snrpb2,-0.1366021205806327,0.6696082159236697,-1.3598732843672086,0.8268671890241716
Lyz1,1.3769404927999613,-0.9764567617137242,-0.012660600008724102,-0.387823131077513
Cd38,-0.3940262842387718,0.9971499804410198,-1.2149500753558684,0.6118263791536205
Kcnab2,0.17062569886333978,0.36273249523028445,-1.4279448991326227,0.8945867050389985
Serpinb1a,-0.40825006777726236,0.5631420187678329,1.0415283742145545,-1.196420325205125
Lyz2,0.2913381162828654,-0.11932778886411012,1.1152627507119224,-1.2872730781306776
Dok2,0.5551357749017095,-0.07596955026513559,0.8942715440289359,-1.3734377686655097
Fam172a,-0.3259640528282798,0.4581463486303109,-1.2226189858363434,1.0904366900343123
Ikbke,0.37554930426377986,-0.20630425635551747,1.0990326899396474,-1.2682777378479098
Wwp1,-0.6051235304280749,0.8922512019137594,-1.0913222848582587,0.8041946133725741
P4ha1,-0.4399594002302307,-0.9426695522263138,-0.002219384289351083,1.3848483367458955
Ahr,-0.20717867463895492,0.8457034388558977,-1.3287191055550498,0.690194341338107
Psmc4,-1.2514390043867158,1.0774093939484548,-0.2721134890411255,0.4461430994793867
Ncoa4,-0.8809258196052833,-0.7905393484375917,1.1536314161475798,0.517833751895295
Lcn2,1.261409092364156,-0.7371149525457642,0.34120460030915145,-0.8654987401275432
Wfdc21,0.7658609991837481,-0.5657136616570327,0.918109886540976,-1.1182572240676913
Elof1,-1.1365143854826643,1.2974911795581061,-0.003368599175974666,-0.15760819489946734
Ssb,-1.2309574501744531,0.8615061895092536,-0.3959221649330425,0.7653734255982421
Myo1g,-0.8684549570273377,0.7910711028825567,0.9378577536465742,-0.8604738995017933
Rps24,-0.5864618640496229,0.817926190001605,-1.105750183678316,0.8742858577263337
Rpl3,-0.26474946704639846,0.2794770446286746,-1.2014516939416653,1.1867241163593891
Dach1,0.7360125341685047,-1.4774615320027078,0.35460521226423086,0.3868437855699724
Rpl32,-1.0539182672619247,0.6834438210946779,-0.6374216283571374,1.0078960745243841
Pak1,-0.26157223893554454,0.39268451711483426,1.1110456667673438,-1.2421579449466336
Tpst2,-0.7226999690189052,-0.2894386495872932,1.4760481057899415,-0.46390948718374303
Rock2,-1.2327608870194284,1.0176990476938976,0.5665861703630304,-0.3515243310374997
Atp5g3,-0.5218142470752746,1.0937028768165769,-1.112985911883376,0.5410972821420738
Kcnip3,1.3343212547709384,-0.1512478372281166,-1.0899740293805824,-0.09309938816223938
Srrt,-0.45454643788335736,0.41943827059187977,-1.1263084039954026,1.1614165712868803
Dynlt3,-0.11738674442863357,1.1312803500381394,-1.2790980185980423,0.26520441298853625
Rpl9-ps6,-0.15308336355940957,0.15542369789985944,-1.216161158772644,1.213820824432194
Gapdh,0.37036137521390344,-1.3461293625036408,-0.04816945921476712,1.0239374465045046
Tkt,-0.48103894258062224,1.431449986701132,-0.10920559384910954,-0.8412054502714003
Antxr2,0.7209071784922225,-0.2924076661102543,0.8588263549825302,-1.2873258673644985
Agps,-0.9850552332370277,0.3397213335405411,1.2462544340534603,-0.6009205343569737
Lime1,-0.07581827612399192,-0.6129654158217804,1.4355640369828098,-0.7467803450370374
Rpl9,-1.0364422805381492,0.1418165935543882,-0.4202982136644719,1.314923900648233
Spg7,-0.9641708707091673,1.3915331323427018,-0.35978181927197195,-0.06758044236156265
Insr,-0.011486176909842015,0.7191337924582629,0.7026637885535715,-1.4103114041019924
Anxa3,-0.7969698763577685,0.2372448957713463,-0.7574194985272086,1.3171444791136309
Gdi2,-0.9729081712320038,1.295058848788627,0.2416539369139192,-0.5638046144705424
Slc48a1,-1.320460588011973,1.0958446486124347,-0.010741169871370611,0.23535710927090886
Tsnax,-0.009130673341394177,1.1453397660514666,-1.2901252870290771,0.15391619431900466
Hsp90ab1,-0.09216290084365707,0.872980071032761,-1.3713708852510507,0.5905537150619468
Abca13,-0.5271355156826288,0.36001597074275654,1.2190227128087445,-1.0519031678688722
Itpripl2,-1.4860587830369252,0.35316513372771013,0.45424238767610475,0.6786512616331103
Rpl35,-0.4983223996939391,0.7038523696903736,-1.1599180825581572,0.9543881125617227
Rpl4,-0.345219960127651,0.6674834208089517,-1.2527731991914581,0.9305097385101574
Tle4,0.2309059363711649,0.1089342764581809,1.0294693396855379,-1.3693095525148837
Dock8,-0.4721704842311399,0.5846256512893488,1.0458034503752023,-1.158258617433411
Socs2,0.5295892856220539,0.39524764214475183,-1.4957753282949102,0.5709384005281046
Hint1,-1.032587543781373,1.3417190038769036,-0.3616550214811022,0.052523561385571495
Adcy9,0.06939607039609592,0.35895505993692056,-1.3920111022705801,0.9636599719375636
Rab3d,-0.4924755881221325,1.35460731520927,0.09375375273433285,-0.9558854798214703
Sarnp,-0.5966150947968655,1.487626026549195,-0.57602173601691,-0.31498919573541945
Aoah,1.2703308210769928,-0.16870112876132848,0.06196796393100952,-1.1635976562466739
Sema7a,-0.07750970608614262,0.05519641199218241,1.234001007548137,-1.2116877134541768
Mrpl18,-1.193152453303611,1.235909314322514,-0.17629988700327148,0.1335430259843687
Gm2000,-0.31469008147753236,0.4500973357784648,-1.227275741916541,1.0918684876156084
Ints2,0.7764332598269379,-0.29873876826389767,-1.286179697235176,0.8084852056721358
Rps2,-1.1478411182688713,0.8576967202763254,-0.5275068734536783,0.8176512714462242
Prr12,-0.22914128797903746,0.21302478913191433,-1.1965132176532296,1.2126297165003528
Olfml2b,0.03344829202957531,0.7180746027448138,-1.4247744944862626,0.6732515997118734
Srsf2,-0.6261293315629385,-0.26458001563826455,-0.5893621729051484,1.4800715201063515
Cct2,-0.49289010501081176,0.6196580050030625,-1.150823201399125,1.0240553014068743
Ddx46,-0.8752869827533841,1.2092564130239596,0.4312643279919361,-0.7652337582625116
Slc45a4,-1.4775699681522358,0.5056960313355484,0.27523689890871883,0.6966370379079685
Sh3kbp1,-0.7843263769205097,0.7363319292880316,0.9835532906710993,-0.9355588430386214
Lactb,-0.5516021749831954,1.451607402896073,-0.7529599403869701,-0.14704528752590745
Rpl14,-1.0806972400030566,0.9337393151387979,-0.6155152505238652,0.7624731753881239
Slc39a11,-1.1563850155947921,0.7931632974251926,-0.5139826540571754,0.8772043722267748
Pepd,-0.028741994815579916,0.7472859795933201,-1.403921415259322,0.6853774304815818
Npm3,0.6190856838704347,1.030997647241247,-1.1351942631617424,-0.5148890679499395
Cox6c,-0.9004288269951756,1.3786609488815311,-0.5342168355467067,0.055984713660351224
Mib1,-0.5574170705485062,0.9517402312913403,0.7263456919479508,-1.1206688526907849
Alas1,0.49433525276206713,-0.9952840944243331,1.155893483553256,-0.6549446418909901
Plcg2,-0.31871936302236653,0.9391601823198891,0.6447462689464134,-1.2651870882439358
Bub3,-1.132887472743907,0.9407839697881657,-0.5415373083269576,0.733640811282699
Rnaseh2b,0.1078587174189417,1.2422905556907653,-1.191615604184206,-0.15853366892550097
Gm3839,0.9812040057857356,-0.05732794789267468,-1.3583694876332584,0.43449342974019745
Ccdc86,-1.1380413452061309,1.2971945795401971,-0.010717182760939458,-0.1484360515731267
Cops5,-0.6763537648515082,0.9252255954346166,-1.0342530915129517,0.7853812609298435
Cd101,-0.5904889878851806,0.7803605530257908,0.9111294630383345,-1.1010010281789449
Megf9,-0.1778945913750244,0.8105498586925546,0.7111051128752075,-1.3437603801927378
Shc1,-1.4452935480710603,0.7952272895649192,0.5086727867501807,0.14139347175596037
S100a8,0.7004109398267646,-0.7426879973481171,1.0103163133802309,-0.9680392558588784
Fkbp1a,-1.313377189734238,0.1176565195657281,0.07521162880279837,1.1205090413657113
Rpl37a,-0.8959021668602536,0.3058364585570722,-0.6872437357085929,1.2773094440117743
Lars,-0.41476358361784965,0.9289273711071125,-1.2143913809873557,0.7002275934980928
Gm6563,-1.1447109178900372,0.8172548960747104,0.8594713638021423,-0.5320153419868154
Rps17,-0.9606104853799046,0.5396130400410992,-0.7107574409205314,1.1317548862593367
Pygl,0.20949170450215757,0.1577104278901029,1.0130237588143636,-1.380225891206624
Ethe1,-0.3531047320291424,1.4379315424172356,-0.21132027383081817,-0.8735065365572752
Rpl10a,-0.31107130638760716,0.837402211890654,-1.2789115004472846,0.7525805949442378
Pcgf3,-1.0536230731929457,1.341322760316096,0.013226757668656402,-0.3009264447918067
Nmt2,-0.19226893705179085,0.601457890953793,-1.3265488568739732,0.917359902971971
Ngrn,-0.9909877116858508,1.3328209375857052,0.13166125013348837,-0.47349447603334294
Chchd7,-0.31847349580661277,1.3652806190970546,-1.0166990546820385,-0.030108068608403333
Rps5,-0.8096788025108657,0.43154884079622174,-0.8323787769675639,1.2105087386822078
Gm9493,-0.2564729625281595,0.6808244764999801,-1.3031987970692693,0.8788472830974486
Aprt,-1.2438468921806332,0.45416957038651906,-0.2888205282716187,1.0784978500657327
Patz1,-1.2709837749450095,1.1342262359699489,-0.14231031094939992,0.2790678499244603
C1galt1c1,-0.7279779813192147,-0.6838121525501407,1.4150753358697763,-0.0032852020004209286
Rpl13a,-0.274544900457621,0.35637554719136905,-1.222920703985832,1.141090057252084
Rab10,-0.35159105188554685,1.2143399343876495,0.2861192656398521,-1.148868148141955
Rps15,-1.0744077672020458,0.9544746002680456,-0.6210011855770495,0.7409343525110498
Zfhx3,-0.49552064583667377,0.5790927960175364,1.0572177172158719,-1.1407898673967345
Ddx10,-0.42564821541293774,1.1900972562662517,-1.1273087268464903,0.36285968599317625
Psmd6,-0.20992143989939072,0.9546834398918427,-1.3123749628360057,0.5676129628435538
Naca,-1.1349995814776002,0.419661327257003,-0.44227021792621013,1.1576084721468072
Cc2d1a,-1.1470503105367738,-0.19811622100983659,0.06418822582240963,1.2809783057242008
Anxa7,-1.38012653982285,0.8159506160733869,-0.0855586685578,0.6497345923072629
Rps18,-0.45365206928703294,0.9399956875852096,-1.1898351204227215,0.703491502124545
Abracl,-0.8460973708195355,0.7470116033748033,0.9772238388089247,-0.8781380713641925
